0.92368
0.915831
0.90924
0.903308
0.897927
0.89313
0.888838
0.910677
0.904598
0.89913
0.894209
0.889819
0.885829
0.913604
0.907236
0.919732
0.94388
0.933886
0.925512
0.94338
0.933419
0.925069
0.91759
0.910823
0.904742
0.924655
0.916676
0.91
0.904011
0.898212
0.893383
0.889078
0.885287
0.881856
0.904416
0.898557
0.893735
0.889353
0.88541
0.881938
0.879747
0.87678
0.874094
0.897587
0.892821
0.888531
0.884647
0.88121
0.877466
0.905489
0.899932
0.895043
0.890524
0.886813
0.883123
0.897285
0.894839
0.890437
0.887
0.883497
0.880165
0.907655
0.901882
0.896618
0.891907
0.887795
0.884033
0.880599
0.87755
0.874829
0.872338
0.870103
0.868084
0.89277
0.914559
0.908121
0.90271
0.897562
0.892798
0.888552
0.884689
0.881212
0.87822
0.875281
0.872742
0.870572
0.868484
0.866628
0.86496
0.863527
0.862166
0.860941
0.859974
0.858968
0.857859
0.857087
0.855961
0.855357
0.854852
0.854333
0.854
0.853592
0.853225
0.852901
0.852635
0.852363
0.852103
0.851779
0.851593
0.851426
0.851355
0.851205
0.876098
0.898261
0.893427
0.91434
0.908029
0.901633
0.896461
0.903202
0.897874
0.924004
0.916624
0.910293
0.933792
0.925404
0.917898
0.911141
0.90507
0.899667
0.894747
0.890284
0.886247
0.882679
0.935495
0.926938
0.940577
0.976436
0.963909
0.978165
0.965366
0.953796
0.974538
0.962076
0.95086
0.969438
0.957487
0.94673
0.937049
0.928333
0.920619
0.93875
0.929867
0.921875
0.91468
0.908207
0.902388
0.926315
0.918708
0.911852
0.905658
0.900091
0.894597
0.920267
0.913232
0.906901
0.901203
0.896075
0.891472
0.887317
0.883615
0.880614
0.87742
0.926689
0.919012
0.943885
0.934489
0.926048
0.949126
0.939206
0.930277
0.92228
0.915041
0.908535
0.902725
0.897444
0.892705
0.888426
0.884575
0.881126
0.87805
0.902328
0.896627
0.891972
0.902263
0.897051
0.892456
0.888203
0.884374
0.881047
0.878075
0.875324
0.873193
0.871067
0.868956
0.867033
0.865354
0.863842
0.892761
0.888483
0.884505
0.899184
0.894296
0.889858
0.905321
0.899224
0.894498
0.89004
0.886019
0.882409
0.879285
0.876348
0.873705
0.871449
0.869353
0.866796
0.86514
0.863624
0.862248
0.861152
0.859415
0.858465
0.857611
0.856269
0.855736
0.88055
0.877513
0.87475
0.871653
0.869479
0.867523
0.865763
0.867264
0.865676
0.864101
0.862683
0.861407
0.859682
0.869768
0.867793
0.866015
0.864406
0.862797
0.861509
0.859752
0.858215
0.857373
0.867079
0.865369
0.863844
0.862573
0.861336
0.860307
0.859159
0.858235
0.857442
0.856079
0.855463
0.854886
0.853846
0.87713
0.874409
0.87196
0.885423
0.882487
0.878821
0.875934
0.873301
0.87039
0.868365
0.866521
0.86487
0.863375
0.86203
0.885091
0.881574
0.878514
0.875654
0.873116
0.892761
0.889412
0.88553
0.882004
0.879205
0.876427
0.874391
0.903499
0.898195
0.893381
0.889035
0.885296
0.881758
0.878574
0.875709
0.873159
0.870851
0.869532
0.867571
0.865828
0.864852
0.863496
0.884903
0.881383
0.878249
0.875416
0.874153
0.871775
0.869592
0.867753
0.86597
0.863779
0.862508
0.86125
0.860149
0.910915
0.904815
0.899358
0.950529
0.940481
0.953556
0.9438
0.935232
0.926668
0.919026
0.912137
0.932095
0.923903
0.916556
0.909323
0.972141
0.959944
0.948952
0.939109
0.930187
0.92216
0.914936
0.908448
0.902492
0.896752
0.892078
0.90631
0.900671
0.895631
0.89106
0.886978
0.883276
0.879921
0.944505
0.93519
0.926663
0.919184
0.912296
0.90602
0.90041
0.895374
0.890828
0.886738
0.883056
0.879269
0.876334
0.873718
0.89754
0.949917
0.939917
0.930412
0.921748
0.914566
0.908101
0.90218
0.896954
0.892251
0.888018
0.884083
0.880667
0.877387
0.87465
0.871595
0.868951
0.867047
0.889831
0.885859
0.882431
0.910719
0.904639
0.899168
0.894243
0.889811
0.885802
0.882214
0.878985
0.876091
0.873538
0.874587
0.872121
0.869936
0.880984
0.879106
0.89422
0.88979
0.885828
0.88225
0.878384
0.875652
0.873022
0.870712
0.868623
0.866765
0.86509
0.863692
0.862315
0.86087
0.859788
0.890136
0.886239
0.882623
0.879353
0.902419
0.897169
0.892588
0.888325
0.952641
0.967278
0.955548
0.94504
0.965221
0.953691
0.943317
0.933999
0.925592
0.917535
0.910847
0.904783
0.899297
0.894359
0.889931
0.886032
0.881941
0.87799
0.875186
0.872781
0.888486
0.884648
0.906542
0.90088
0.895784
0.891351
0.887317
0.883606
0.880237
0.877205
0.874496
0.872003
0.869795
0.867804
0.866013
0.878093
0.875372
0.872945
0.890108
0.886089
0.882472
0.87922
0.876293
0.873656
0.871554
0.869365
0.867421
0.865671
0.86415
0.862244
0.861012
0.859896
0.85887
0.857975
0.857166
0.856441
0.873197
0.870665
0.86859
0.866109
0.86449
0.863043
0.861743
0.860561
0.85949
0.858639
0.857249
0.856129
0.855652
0.855111
0.854591
0.85416
0.853742
0.853398
0.853073
0.852758
0.870087
0.86807
0.8663
0.864607
0.915596
0.909029
0.928129
0.920289
0.913252
0.906919
0.901219
0.896191
0.891564
0.902609
0.897363
0.892619
0.888374
0.884119
0.880709
0.877624
0.874892
0.872395
0.916288
0.909651
0.903678
0.950533
0.940471
0.931403
0.92338
0.916047
0.90882
0.90293
0.897622
0.892826
0.888584
0.884724
0.881243
0.878121
0.875285
0.896303
0.891684
0.887508
0.883339
0.880052
0.877039
0.874327
0.87202
0.86981
0.867892
0.866101
0.864483
0.894131
0.889703
0.885718
0.882254
0.87902
0.876226
0.873589
0.871183
0.869198
0.884883
0.880913
0.877199
0.906071
0.900475
0.895426
0.890872
0.886822
0.883132
0.879811
0.876822
0.874131
0.871691
0.86952
0.867573
0.865808
0.863605
0.88694
0.883238
0.935878
0.926891
0.919217
0.939132
0.930211
0.922182
0.914341
0.907905
0.902107
0.896939
0.892237
0.888137
0.884322
0.880881
0.877808
0.87516
0.872617
0.870347
0.868087
0.866312
0.903376
0.910943
0.90485
0.899367
0.89456
0.890096
0.886107
0.881874
0.878704
0.875973
0.873368
0.871004
0.868895
0.866963
0.865229
0.863699
0.862442
0.861321
0.859877
0.914686
0.90821
0.903568
0.951326
0.941595
0.957823
0.94693
0.937191
0.928397
0.920619
0.913553
0.907308
0.901595
0.896427
0.921245
0.914093
0.907676
0.901891
0.896703
0.892022
0.887831
0.884078
0.880682
0.903295
0.89798
0.893203
0.888874
0.885005
0.881477
0.878353
0.87551
0.872951
0.870696
0.868724
0.866859
0.865166
0.863641
0.862266
0.861031
0.859475
0.85852
0.857455
0.856164
0.855552
0.855795
0.856264
0.855636
0.855064
0.854627
0.854156
0.884097
0.880679
0.87761
0.874847
0.872495
0.870241
0.868196
0.866369
0.8893
0.908946
0.903088
0.897746
0.924672
0.916633
0.910026
0.904015
0.898712
0.893842
0.916455
0.909836
0.903845
0.899691
0.89473
0.890249
0.886197
0.882591
0.879324
0.877741
0.875368
0.872823
0.870648
0.887212
0.88348
0.911103
0.90438
0.899059
0.91851
0.911763
0.905578
0.925203
0.917675
0.910899
0.904827
0.899359
0.894418
0.915975
0.908912
0.928699
0.92172
0.914578
0.908125
0.902532
0.943146
0.933836
0.925445
0.918027
0.911098
0.929053
0.921147
0.913409
0.930606
0.922538
0.915276
0.934251
0.925818
0.918228
0.910767
0.931511
0.923726
0.939849
0.930274
0.922226
0.914986
0.908502
0.902659
0.89743
0.892686
0.889008
0.885128
0.951239
0.941129
0.956968
0.946257
0.936623
0.954497
0.944039
0.934627
0.926157
0.926411
0.918794
0.937244
0.928534
0.920673
0.938379
0.929533
0.921555
0.938581
0.929718
0.921738
0.914579
0.908218
0.902533
0.897271
0.891925
0.887731
0.884123
0.880206
0.877181
0.900106
0.895139
0.890591
0.886473
0.882843
0.879551
0.876597
0.873958
0.871555
0.869391
0.867444
0.865692
0.864124
0.862745
0.861463
0.860308
0.85926
0.884329
0.880914
0.877363
0.874648
0.896341
0.891722
0.887525
0.883765
0.88038
0.877334
0.898958
0.894044
0.889635
0.885664
0.882121
0.878901
0.876003
0.873395
0.871015
0.868906
0.922127
0.914913
0.908414
0.902068
0.896857
0.892214
0.888394
0.884547
0.91183
0.90552
0.900082
0.894512
0.890053
0.886081
0.882577
0.879311
0.875777
0.873191
0.870976
0.869002
0.867874
0.874716
0.872236
0.870149
0.868126
0.865745
0.895654
0.891052
0.886948
0.883226
0.879761
0.876755
0.874068
0.871672
0.869561
0.867639
0.865841
0.864249
0.891693
0.887592
0.883211
0.90032
0.894701
0.890223
0.910769
0.904684
0.899207
0.894151
0.889833
0.886047
0.882434
0.879183
0.876256
0.873623
0.871256
0.869122
0.867202
0.86549
0.864377
0.862509
0.885622
0.881914
0.898526
0.893687
0.889308
0.911119
0.905131
0.899725
0.894744
0.890262
0.886237
0.882653
0.878766
0.875891
0.873294
0.87111
0.868991
0.867084
0.865534
0.863336
0.879757
0.87662
0.874072
0.871656
0.869483
0.867526
0.896889
0.892192
0.888134
0.883699
0.880321
0.8773
0.874524
0.872092
0.869875
0.867879
0.866093
0.864476
0.86301
0.861711
0.859809
0.858842
0.857851
0.857045
0.888339
0.884603
0.881141
0.908195
0.902473
0.897218
0.892488
0.887642
0.88387
0.880485
0.877428
0.874719
0.872268
0.870033
0.868031
0.883449
0.880096
0.876477
0.904746
0.956607
0.946012
0.937222
0.928505
0.920669
0.913728
0.907354
0.90161
0.927571
0.919956
0.912953
0.937165
0.92844
0.920623
0.913569
0.907271
0.901536
0.933821
0.924817
0.917439
0.9107
0.904622
0.899152
0.894228
0.889798
0.886591
0.883055
0.879735
0.876894
0.87419
0.871763
0.869576
0.867617
0.953297
0.942972
0.933679
0.925268
0.917733
0.910952
0.904439
0.899112
0.894897
0.908217
0.901875
0.89668
0.892039
0.887827
0.884036
0.880129
0.877153
0.874449
0.872037
0.86925
0.867317
0.865619
0.864074
0.862649
0.915988
0.858363
0.805909
0.75993
0.717524
0.67917
0.644635
0.613554
0.586452
0.561307
0.538389
0.517933
0.499522
0.508382
0.491019
0.475169
0.461649
0.448847
0.468663
0.455189
0.443043
0.432559
0.422215
0.41352
0.405755
0.398409
0.39195
0.386138
0.380346
0.375899
0.371874
0.368053
0.36463
0.361613
0.358863
0.356359
0.354077
0.352052
0.350469
0.348862
0.347358
0.346018
0.344686
0.375763
0.371672
0.367855
0.364452
0.361495
0.385096
0.380109
0.375477
0.371303
0.3675
0.390193
0.384617
0.379512
0.374816
0.37094
0.367843
0.365056
0.362118
0.359247
0.35667
0.354513
0.352467
0.350781
0.348974
0.347456
0.347033
0.346099
0.344258
0.343214
0.342237
0.34128
0.340586
0.339862
0.339258
0.338715
0.338222
0.337885
0.337479
0.337113
0.336784
0.336354
0.336101
0.335816
0.335616
0.335437
0.335282
0.3352
0.335514
0.335345
0.335055
0.335876
0.336205
0.336038
0.335816
0.33555
0.335419
0.33589
0.335683
0.335497
0.335317
0.335238
0.335228
0.335062
0.334733
0.334642
0.365844
0.362763
0.359901
0.357294
0.354947
0.379663
0.375255
0.371288
0.367526
0.364124
0.361071
0.358363
0.355941
0.353678
0.376944
0.37274
0.369873
0.366143
0.36293
0.36002
0.357263
0.355684
0.353498
0.351572
0.349784
0.348022
0.346666
0.345382
0.344207
0.343169
0.342234
0.341393
0.340022
0.339453
0.338839
0.338306
0.337998
0.337584
0.337208
0.336844
0.336673
0.336388
0.335927
0.335717
0.335508
0.33534
0.3353
0.336001
0.335783
0.335587
0.335436
0.3578
0.355402
0.353245
0.351302
0.381299
0.376628
0.371784
0.367387
0.36403
0.386917
0.381614
0.376835
0.372528
0.368529
0.364441
0.361565
0.35873
0.35622
0.353981
0.351939
0.351152
0.349419
0.348064
0.346631
0.345411
0.344339
0.34313
0.342203
0.341359
0.340605
0.340071
0.339446
0.338769
0.338274
0.337906
0.338112
0.337719
0.337361
0.337043
0.336878
0.33662
0.336517
0.336206
0.335932
0.368285
0.364903
0.361795
0.358876
0.356368
0.354081
0.352113
0.350284
0.348597
0.347087
0.345761
0.344574
0.343502
0.342537
0.341669
0.340885
0.340291
0.340374
0.339696
0.339087
0.33856
0.338567
0.338281
0.3379
0.337492
0.337116
0.337286
0.336959
0.336498
0.336211
0.335989
0.417359
0.409006
0.401484
0.394718
0.388629
0.436953
0.42664
0.417359
0.409005
0.401334
0.394698
0.388591
0.383102
0.378308
0.373722
0.370836
0.367263
0.36405
0.360996
0.379088
0.374562
0.370667
0.366829
0.363474
0.360509
0.357918
0.355585
0.353409
0.35145
0.349771
0.348772
0.347427
0.34608
0.34496
0.343846
0.37415
0.370258
0.366499
0.363232
0.360141
0.357509
0.355112
0.419338
0.410777
0.403597
0.39662
0.390362
0.384603
0.379522
0.374952
0.370942
0.367288
0.363925
0.361059
0.382297
0.377616
0.373186
0.369134
0.36576
0.393722
0.387905
0.382452
0.37773
0.373355
0.369418
0.365715
0.362523
0.359637
0.356902
0.387362
0.382008
0.37719
0.372853
0.368378
0.396077
0.389945
0.384314
0.379268
0.374717
0.370689
0.367853
0.36445
0.361356
0.359335
0.356947
0.37532
0.37117
0.367423
0.364063
0.361023
0.358658
0.356661
0.354378
0.352322
0.350456
0.348953
0.34744
0.346072
0.344847
0.343745
0.342849
0.341959
0.34113
0.340399
0.339742
0.339169
0.338635
0.338154
0.337525
0.336554
0.337013
0.336698
0.33641
0.33602
0.33581
0.335615
0.335487
0.335302
0.335131
0.335001
0.334893
0.334834
0.334573
0.334459
0.334396
0.334377
0.333711
0.333732
0.333763
0.333769
0.33445
0.334375
0.33432
0.334107
0.334078
0.334088
0.334062
0.334048
0.334025
0.333967
0.3341
0.334146
0.334107
0.334079
0.364671
0.361759
0.358966
0.356451
0.354393
0.383633
0.379676
0.37509
0.370964
0.36725
0.363898
0.383652
0.378669
0.374057
0.370021
0.36722
0.364005
0.361032
0.358311
0.355856
0.353653
0.352284
0.349824
0.348224
0.346781
0.345485
0.344479
0.342815
0.341897
0.341038
0.340285
0.339655
0.33902
0.338478
0.338048
0.33792
0.337527
0.337182
0.336846
0.336544
0.336272
0.336866
0.336974
0.336662
0.336379
0.337886
0.337605
0.337227
0.336883
0.336571
0.335797
0.335721
0.335528
0.335358
0.335096
0.334866
0.334909
0.334801
0.334703
0.334615
0.334504
0.334391
0.334338
0.334286
0.33424
0.365373
0.362813
0.360033
0.357412
0.355587
0.353181
0.351427
0.349872
0.348229
0.346654
0.378958
0.374944
0.370803
0.366974
0.36363
0.360067
0.357529
0.355123
0.353083
0.351138
0.349256
0.347716
0.346327
0.345077
0.343935
0.34286
0.342142
0.340696
0.339974
0.339359
0.338924
0.338474
0.337981
0.337568
0.337082
0.361985
0.359322
0.356721
0.354425
0.352365
0.375087
0.370993
0.367276
0.363921
0.36029
0.357481
0.355611
0.353509
0.351131
0.3494
0.348351
0.347375
0.346641
0.345359
0.344039
0.342906
0.341998
0.340566
0.339879
0.339273
0.339657
0.339137
0.338587
0.33811
0.337682
0.363923
0.361109
0.358226
0.355789
0.354207
0.352281
0.351014
0.350134
0.348503
0.347035
0.346149
0.346081
0.344945
0.343833
0.34264
0.375327
0.370687
0.366968
0.363654
0.360757
0.358048
0.355789
0.353525
0.351449
0.349652
0.348754
0.347226
0.345885
0.34466
0.343461
0.342386
0.341571
0.3408
0.340102
0.339474
0.372116
0.368395
0.364925
0.361815
0.358392
0.379327
0.374873
0.370938
0.367092
0.36364
0.360537
0.35801
0.355543
0.353371
0.351445
0.349568
0.348026
0.346721
0.345431
0.34427
0.34425
0.34322
0.342146
0.341269
0.340393
0.371567
0.367895
0.364321
0.361275
0.358411
0.387972
0.382557
0.377684
0.373202
0.369424
0.383659
0.379152
0.374744
0.370646
0.366941
0.388916
0.409247
0.401705
0.394897
0.38879
0.383293
0.378366
0.373911
0.369903
0.366176
0.362941
0.360221
0.357582
0.355206
0.353039
0.351149
0.348956
0.347379
0.346004
0.344786
0.34369
0.342793
0.341816
0.340972
0.339752
0.339159
0.339822
0.33873
0.338133
0.337703
0.363747
0.361337
0.358458
0.355956
0.353621
0.351625
0.349775
0.348064
0.346007
0.344673
0.34411
0.343149
0.3422
0.341439
0.340614
0.339935
0.339353
0.338832
0.338222
0.337725
0.337306
0.337102
0.336787
0.336372
0.336108
0.335812
0.336068
0.335827
0.335627
0.335885
0.353033
0.35235
0.350472
0.348804
0.34792
0.379688
0.375588
0.371575
0.368421
0.364417
0.386414
0.381209
0.376467
0.372181
0.368345
0.364874
0.361801
0.358997
0.356486
0.35422
0.351639
0.349963
0.348349
0.346794
0.344925
0.343815
0.342953
0.341983
0.341167
0.340407
0.339749
0.339303
0.338781
0.338292
0.337845
0.337446
0.337289
0.337473
0.337108
0.336146
0.33634
0.336226
0.335918
0.335709
0.335392
0.335213
0.354505
0.352488
0.350497
0.348836
0.347303
0.345964
0.34475
0.343658
0.342533
0.341631
0.34092
0.340147
0.339514
0.338917
0.338407
0.338003
0.33755
0.337136
0.33724
0.336898
0.357471
0.355058
0.353332
0.350664
0.348948
0.347996
0.346799
0.345502
0.344289
0.34323
0.341755
0.340962
0.340238
0.339571
0.338997
0.338479
0.338631
0.338112
0.337683
0.337297
0.337078
0.336753
0.336386
0.336072
0.336504
0.336252
0.335999
0.335753
0.335538
0.335811
0.336432
0.336171
0.335888
0.335733
0.335558
0.335913
0.335723
0.335027
0.334859
0.335181
0.335116
0.334958
0.334844
0.334733
0.334642
0.33456
0.335312
0.33597
0.335771
0.335599
0.335537
0.335436
0.335275
0.335014
0.334873
0.334829
0.334751
0.334658
0.334581
0.334505
0.334559
0.334674
0.334589
0.334653
0.33457
0.334576
0.334501
0.334503
0.334483
0.334417
0.335177
0.335538
0.335498
0.33533
0.335189
0.335872
0.335766
0.335547
0.335362
0.335208
0.335108
0.335101
0.334973
0.334826
0.334726
0.334758
0.334779
0.334684
0.334598
0.334508
0.360167
0.357651
0.355269
0.353076
0.351145
0.349294
0.347952
0.346549
0.345251
0.343532
0.342561
0.342247
0.341453
0.340661
0.340112
0.339454
0.338949
0.338436
0.337975
0.337579
0.337204
0.337029
0.336072
0.335738
0.335547
0.367118
0.363971
0.360957
0.358243
0.355645
0.385434
0.380474
0.375262
0.371118
0.367389
0.390596
0.384931
0.379817
0.375218
0.370669
0.367362
0.364072
0.361486
0.358704
0.356196
0.386164
0.381048
0.376252
0.37201
0.368069
0.364523
0.361588
0.358799
0.356266
0.353407
0.351407
0.349684
0.348098
0.346834
0.345415
0.344256
0.343225
0.34169
0.34091
0.340201
0.339541
0.339129
0.338576
0.338101
0.337661
0.337648
0.337707
0.337191
0.337315
0.336982
0.362346
0.359497
0.356959
0.354616
0.352547
0.350674
0.348941
0.347478
0.345997
0.34478
0.343684
0.342663
0.341779
0.341012
0.347666
0.377962
0.37302
0.369088
0.365542
0.36237
0.359516
0.357011
0.354654
0.352606
0.350872
0.349167
0.347738
0.346347
0.345043
0.344424
0.343329
0.342567
0.341241
0.340695
0.340008
0.339377
0.338857
0.338328
0.337839
0.337437
0.337076
0.336776
0.336497
0.33623
0.335989
0.335773
0.335168
0.334464
0.3344
0.334343
0.334291
0.334906
0.334769
0.334678
0.334589
0.334465
0.335098
0.334942
0.334837
0.334713
0.334624
0.335104
0.334976
0.334963
0.334808
0.359452
0.356924
0.354765
0.353141
0.351212
0.381432
0.376802
0.372517
0.368651
0.365168
0.393724
0.387295
0.381948
0.377427
0.373073
0.369097
0.36557
0.362536
0.359546
0.356961
0.354632
0.352551
0.350646
0.34883
0.347294
0.345931
0.344237
0.342709
0.341795
0.341494
0.340727
0.34012
0.339525
0.338789
0.33834
0.337751
0.337848
0.337513
0.337144
0.336793
0.336384
0.336253
0.335879
0.335628
0.33531
0.335043
0.334893
0.334901
0.334998
0.334845
0.334878
0.334827
0.334688
0.334602
0.334524
0.334454
0.334801
0.3347
0.334551
0.334456
0.334393
0.334458
0.338516
0.342348
0.345607
0.348525
0.351647
0.354034
0.356077
0.357964
0.359649
0.361214
0.362571
0.363811
0.364896
0.365885
0.387869
0.386586
0.385406
0.384328
0.3833
0.383677
0.382864
0.38205
0.381323
0.380669
0.380225
0.37971
0.379217
0.378774
0.378266
0.377918
0.377774
0.377334
0.377415
0.378163
0.379054
0.378694
0.378303
0.377948
0.37759
0.377377
0.377117
0.376875
0.376665
0.376442
0.376481
0.376375
0.376216
0.375932
0.375817
0.375746
0.375647
0.375432
0.375345
0.375289
0.375661
0.375551
0.375474
0.375405
0.375308
0.375255
0.375208
0.375102
0.374955
0.375533
0.375525
0.375422
0.375359
0.375282
0.395565
0.393992
0.392129
0.390337
0.388779
0.412006
0.40829
0.40493
0.401909
0.399203
0.396953
0.394941
0.392925
0.391111
0.389482
0.388454
0.387291
0.385999
0.384878
0.38375
0.382876
0.382258
0.381511
0.380835
0.380208
0.398948
0.396596
0.394415
0.392589
0.390809
0.415581
0.412064
0.408531
0.40515
0.402117
0.39947
0.397494
0.395246
0.393199
0.391345
0.389827
0.388322
0.38685
0.385599
0.38452
0.383576
0.382696
0.381905
0.381155
0.380527
0.380542
0.379931
0.379387
0.378892
0.409863
0.406416
0.403253
0.4003
0.397698
0.427928
0.423103
0.418271
0.413814
0.409911
0.406526
0.403867
0.400959
0.398341
0.395986
0.393923
0.392204
0.390533
0.388955
0.387486
0.386296
0.385247
0.384201
0.383192
0.382348
0.38162
0.380937
0.380322
0.379758
0.379261
0.399703
0.397224
0.39482
0.392682
0.390892
0.38946
0.388117
0.386784
0.386007
0.384884
0.384079
0.384222
0.403143
0.400307
0.397742
0.395286
0.393079
0.391211
0.389569
0.38809
0.38676
0.385687
0.384581
0.383601
0.382719
0.382044
0.381331
0.380676
0.379975
0.379334
0.378924
0.3785
0.37811
0.377915
0.377586
0.377507
0.377219
0.376975
0.376759
0.376453
0.377665
0.377432
0.377167
0.37689
0.376555
0.376406
0.376231
0.376077
0.375986
0.37584
0.375735
0.375656
0.375559
0.375481
0.375341
0.375343
0.375287
0.375234
0.37507
0.409077
0.405715
0.402622
0.399848
0.397341
0.395082
0.3931
0.391262
0.389595
0.388073
0.386689
0.385499
0.384434
0.404778
0.401749
0.398928
0.396933
0.394843
0.392942
0.391152
0.389679
0.388327
0.386972
0.385754
0.384657
0.383673
0.382957
0.382098
0.381379
0.380697
0.380087
0.379748
0.379252
0.378824
0.37842
0.3779
0.377611
0.377286
0.376927
0.376604
0.403225
0.400464
0.397896
0.395585
0.393505
0.424702
0.42083
0.416241
0.412096
0.409219
0.405878
0.428957
0.42354
0.41926
0.414678
0.410826
0.407382
0.404122
0.401063
0.398327
0.39612
0.394066
0.392106
0.390342
0.388815
0.419562
0.415177
0.411109
0.407464
0.404196
0.433494
0.427649
0.422363
0.417601
0.41332
0.441825
0.435264
0.429335
0.423973
0.419095
0.435349
0.429315
0.45014
0.442665
0.435871
0.429829
0.424322
0.419352
0.414898
0.410781
0.407338
0.404083
0.401153
0.398513
0.396329
0.394229
0.392278
0.390528
0.388938
0.388137
0.386946
0.38573
0.384635
0.38365
0.416511
0.412498
0.40887
0.405443
0.402377
0.399851
0.398013
0.395549
0.393473
0.391486
0.39002
0.388935
0.387565
0.386287
0.385085
0.415745
0.411789
0.408089
0.404742
0.401747
0.399703
0.397346
0.395083
0.392986
0.39115
0.389673
0.388303
0.386951
0.385734
0.384629
0.383731
0.382837
0.381987
0.381161
0.380529
0.380054
0.379492
0.379575
0.379092
0.392399
0.391114
0.389449
0.387944
0.386497
0.385361
0.384918
0.384007
0.383091
0.382372
0.381613
0.380943
0.380193
0.379671
0.379227
0.378745
0.378438
0.37797
0.377681
0.377391
0.37713
0.377718
0.377473
0.377191
0.376886
0.376676
0.376506
0.376318
0.37611
0.375875
0.376585
0.377384
0.377095
0.376867
0.376659
0.376472
0.398405
0.396152
0.394015
0.392092
0.421811
0.417147
0.412744
0.408932
0.405504
0.436275
0.430158
0.424598
0.419579
0.415099
0.411068
0.407468
0.404152
0.401215
0.398572
0.427323
0.422069
0.41734
0.413085
0.409255
0.4396
0.433246
0.427425
0.422731
0.417904
0.413954
0.410613
0.407209
0.403864
0.400956
0.398771
0.396881
0.395286
0.393207
0.39131
0.389824
0.388477
0.387107
0.385875
0.384779
0.383846
0.382959
0.382142
0.381448
0.380724
0.381359
0.380746
0.380124
0.379542
0.37905
0.403862
0.400999
0.398358
0.395969
0.39385
0.392037
0.390295
0.388619
0.387223
0.385954
0.418773
0.415001
0.410998
0.407377
0.404115
0.438071
0.432344
0.42678
0.421558
0.416836
0.445143
0.438177
0.431806
0.426075
0.420837
0.448328
0.44106
0.434538
0.428556
0.423166
0.444952
0.438012
0.431721
0.426158
0.421047
0.448504
0.441176
0.434512
0.428539
0.423154
0.418317
0.41469
0.411112
0.407495
0.404224
0.401427
0.399329
0.397492
0.395209
0.393179
0.391432
0.389972
0.388454
0.387087
0.386288
0.385698
0.384696
0.383673
0.382768
0.381938
0.414809
0.410906
0.407294
0.404056
0.401129
0.42947
0.42412
0.419158
0.41472
0.410688
0.407258
0.404135
0.401178
0.398535
0.39616
0.394096
0.392629
0.390844
0.389238
0.387777
0.387092
0.385861
0.384613
0.383639
0.382754
0.38212
0.381537
0.380862
0.380206
0.379686
0.379724
0.379335
0.378871
0.378462
0.378081
0.377844
0.377538
0.377247
0.376857
0.376605
0.376499
0.376225
0.376081
0.375952
0.375707
0.376024
0.376063
0.375935
0.37582
0.375688
0.375716
0.375587
0.375507
0.375288
0.401
0.398379
0.396029
0.393872
0.391964
0.416114
0.412013
0.408284
0.404921
0.401908
0.400229
0.397822
0.395518
0.393445
0.391694
0.422361
0.417632
0.413348
0.409491
0.40602
0.424922
0.419947
0.415405
0.411346
0.40768
0.437514
0.431855
0.426148
0.421031
0.416368
0.438885
0.432628
0.426844
0.421628
0.416944
0.445905
0.438985
0.43254
0.426748
0.421552
0.416875
0.412816
0.408997
0.405508
0.402305
0.431706
0.426088
0.420957
0.41634
0.412162
0.408424
0.40506
0.402033
0.400005
0.39747
0.418549
0.414764
0.410872
0.40726
0.40398
0.432632
0.449586
0.442234
0.435428
0.429364
0.423906
0.419157
0.41472
0.410704
0.40707
0.437966
0.431802
0.425994
0.420873
0.416127
0.443804
0.436943
0.430756
0.425159
0.420121
0.416068
0.413187
0.409341
0.405885
0.402775
0.400069
0.397729
0.395412
0.394181
0.392209
0.391715
0.390227
0.389143
0.387688
0.386398
0.385441
0.384436
0.383471
0.382618
0.381835
0.381232
0.380674
0.380085
0.379555
0.379078
0.378728
0.3785
0.378129
0.377756
0.377443
0.378063
0.377751
0.377378
0.377115
0.376796
0.376719
0.376599
0.39708
0.394748
0.392947
0.39195
0.390438
0.388978
0.387556
0.386119
0.385001
0.383995
0.383074
0.382239
0.381493
0.380998
0.380377
0.379814
0.379311
0.378859
0.378403
0.378041
0.377668
0.377386
0.37718
0.377071
0.376843
0.376637
0.376452
0.376259
0.376144
0.375905
0.375774
0.375637
0.408665
0.405312
0.403261
0.400407
0.397844
0.395714
0.394101
0.392179
0.39044
0.388874
0.420636
0.416125
0.411991
0.408164
0.404826
0.435038
0.429022
0.423493
0.418622
0.414117
0.41018
0.406621
0.403438
0.400572
0.398019
0.395641
0.393584
0.391704
0.389967
0.388391
0.387031
0.385982
0.384865
0.383857
0.382966
0.413053
0.409431
0.405966
0.402839
0.400024
0.430133
0.425059
0.420208
0.415665
0.411577
0.408314
0.405124
0.402096
0.399365
0.396929
0.394757
0.392913
0.3911
0.389468
0.388022
0.386699
0.385507
0.384435
0.38347
0.38263
0.381845
0.381168
0.380536
0.379961
0.379443
0.399835
0.397394
0.395744
0.393693
0.391802
0.390714
0.389176
0.387737
0.386441
0.385295
0.384244
0.383298
0.382424
0.38166
0.380972
0.380533
0.379958
0.37944
0.378975
0.378556
0.378179
0.377801
0.377627
0.377336
0.377081
0.377034
0.376809
0.376574
0.376386
0.376373
0.376227
0.376038
0.375771
0.375682
0.376021
0.376038
0.375967
0.375849
0.375765
0.375872
0.375763
0.375646
0.37556
0.375687
0.375632
0.375547
0.375442
0.375331
0.375229
0.375245
0.37518
0.37514
0.375213
0.375286
0.375248
0.375202
0.375157
0.375072
0.375043
0.374994
0.374973
0.374839
0.374843
0.374975
0.375049
0.375569
0.375481
0.375412
0.399106
0.397256
0.395623
0.393539
0.39167
0.415991
0.41203
0.408299
0.404839
0.401712
0.430978
0.425563
0.420418
0.415854
0.411735
0.441217
0.434686
0.428696
0.423263
0.418389
0.414029
0.410165
0.406624
0.403408
0.400513
0.397982
0.396261
0.394126
0.392195
0.3911
0.390381
0.388779
0.387357
0.386087
0.38481
0.38399
0.383069
0.382208
0.381466
0.380798
0.380388
0.379828
0.379324
0.37887
0.378468
0.378266
0.377911
0.377595
0.377308
0.377055
0.376828
0.376624
0.37644
0.376261
0.40907
0.40568
0.402591
0.39981
0.397189
0.428126
0.422945
0.418657
0.414267
0.410299
0.407276
0.404622
0.40223
0.399485
0.396983
0.394859
0.393037
0.391359
0.389702
0.38821
0.386896
0.386914
0.385653
0.384566
0.383588
0.382874
0.38209
0.38136
0.380702
0.380107
0.380276
0.379726
0.379232
0.378679
0.378244
0.378081
0.377751
0.377454
0.377187
0.376944
0.377966
0.37751
0.377206
0.376964
0.376733
0.377069
0.376815
0.376602
0.37642
0.376222
0.376078
0.375977
0.375858
0.375811
0.375709
0.375754
0.375654
0.375615
0.375426
0.375432
0.375425
0.375335
0.37528
0.375186
0.406909
0.403901
0.400989
0.398369
0.395994
0.393925
0.392052
0.39134
0.3901
0.388546
0.387743
0.387084
0.386001
0.384879
0.383866
0.383099
0.382424
0.38166
0.380973
0.38036
0.379828
0.379404
0.378942
0.378494
0.378152
0.378001
0.377733
0.37732
0.377063
0.376829
0.376637
0.376583
0.376387
0.37623
0.376079
0.400948
0.398418
0.396055
0.393912
0.392732
0.412972
0.409336
