0.0526741
0.0702035
0.0660344
0.0622437
0.0795554
0.0743998
0.0696606
0.0654466
0.0616955
0.0583132
0.0553299
0.0524689
0.0506588
0.0484857
0.0464947
0.0448565
0.043238
0.167637
0.153709
0.141151
0.129903
0.119738
0.110545
0.102351
0.0948299
0.0883229
0.082249
0.0767793
0.071799
0.0681007
0.0641578
0.0604589
0.0571554
0.0542014
0.0516741
0.0706731
0.0663066
0.0625335
0.18629
0.170448
0.15613
0.143329
0.13186
0.121574
0.112267
0.103818
0.0961533
0.0893316
0.083256
0.0777912
0.0728793
0.0683466
0.0642063
0.0605089
0.057242
0.054513
0.159622
0.146476
0.134673
0.124025
0.114457
0.105879
0.098123
0.0910755
0.0847007
0.0790339
0.0738505
0.0691886
0.0650986
0.0613727
0.058061
0.0550709
0.0523831
0.0500119
0.0478395
0.0457916
0.04407
0.152745
0.140337
0.129084
0.11904
0.109971
0.1017
0.0943624
0.087643
0.0816307
0.0761524
0.0714044
0.0669935
0.0630718
0.0595486
0.0564257
0.0541304
0.0515845
0.0492933
0.0471063
0.0675861
0.0636659
0.0600161
0.0567601
0.0538393
0.0513226
0.0490543
0.0469201
0.0450953
0.0432801
0.0416305
0.0403155
0.0390999
0.0380571
0.0370418
0.036096
0.0353536
0.0346695
0.0340089
0.0334752
0.0570301
0.0540183
0.0514613
0.14613
0.134368
0.123798
0.114126
0.105446
0.097762
0.0908082
0.0846234
0.0789355
0.0738483
0.0692187
0.0649784
0.0612134
0.0579272
0.0746625
0.0698811
0.0657602
0.0620513
0.0585278
0.0554174
0.0527429
0.0502846
0.0479441
0.0460169
0.0442632
0.0426785
0.0412779
0.0399469
0.038653
0.0375813
0.03662
0.0356972
0.0350138
0.0343797
0.0337705
0.033203
0.158907
0.145819
0.134105
0.123491
0.113974
0.105431
0.0975885
0.0905593
0.0842266
0.0786487
0.073635
0.0691387
0.0650921
0.0612805
0.0579812
0.0548775
0.0521545
0.0768399
0.0719495
0.0676185
0.0637239
0.170401
0.156206
0.143427
0.131916
0.121496
0.112121
0.103702
0.0961991
0.0893504
0.0832537
0.0776612
0.072695
0.0682607
0.0641643
0.0604422
0.0572652
0.0543675
0.0516251
0.143573
0.131939
0.121494
0.112199
0.103846
0.0962104
0.0893157
0.0832513
0.0777038
0.0732134
0.0686537
0.0645403
0.0608927
0.0576386
0.0547068
0.0520873
0.0497458
0.0476928
0.0457235
0.0440248
0.0426431
0.041246
0.0399662
0.0388016
0.0572606
0.0543985
0.0517235
0.0493895
0.0472954
0.0453114
0.0435931
0.042101
0.0405917
0.0393645
0.0381737
0.0370859
0.0575437
0.0546117
0.0520178
0.176358
0.182172
0.166822
0.152937
0.140417
0.129221
0.11915
0.110099
0.10179
0.200699
0.183346
0.167878
0.153926
0.141375
0.129951
0.216546
0.197704
0.202843
0.207486
0.189547
0.173428
0.180306
0.165142
0.151364
0.236167
0.215382
0.196618
0.304425
0.27677
0.251848
0.339259
0.308146
0.280003
0.380752
0.345483
0.313642
0.410687
0.372367
0.338612
0.334856
0.396344
0.359506
0.452499
0.409938
0.371705
0.464583
0.420909
0.381672
0.473514
0.428976
0.388865
0.35274
0.320286
0.291019
0.264765
0.241114
0.21987
0.200635
0.205762
0.187902
0.171976
0.157492
0.144607
0.133013
0.122531
0.113081
0.104615
0.0968477
0.0900077
0.0838486
0.0783309
0.0732082
0.0686298
0.0644708
0.0608717
0.0574726
0.0545925
0.0518629
0.0495438
0.173837
0.159161
0.146726
0.134755
0.123989
0.114416
0.105714
0.0979839
0.0909728
0.0846275
0.0789647
0.0737947
0.0692088
0.0651551
0.06143
0.0581254
0.0550009
0.052368
0.0498672
0.0476997
0.0456241
0.0438649
0.0423744
0.0410394
0.0397386
0.0384464
0.0372897
0.0610103
0.0576421
0.0546875
0.052006
0.0495318
0.0474458
0.0455524
0.043698
0.0421858
0.0598488
0.0566735
0.0538734
0.161696
0.148313
0.136272
0.125474
0.115663
0.10689
0.126102
0.116215
0.107409
0.0994715
0.0923052
0.0858011
0.0800689
0.0748748
0.0701874
0.0660358
0.0622034
0.0766583
0.0718597
0.0674545
0.0635891
0.0600205
0.0568409
0.0746
0.0700072
0.0658737
0.0621247
0.0587794
0.0557559
0.0530443
0.0509591
0.0486984
0.0465613
0.0449772
0.0431803
0.041675
0.0592803
0.0560243
0.0532731
0.159773
0.146496
0.134714
0.124071
0.114448
0.105871
0.0981508
0.0910461
0.0846519
0.0791595
0.0739732
0.0692606
0.170143
0.155928
0.14303
0.226884
0.207018
0.189238
0.195626
0.17878
0.163648
0.169491
0.155294
0.142481
0.131087
0.120763
0.111419
0.103084
0.0955241
0.0888133
0.0827992
0.0772585
0.0723998
0.0680206
0.0640314
0.0604826
0.0573016
0.0544066
0.0708892
0.0665202
0.0625722
0.0592142
0.056144
0.05332
0.0508552
0.0486177
0.0464695
0.0446097
0.0429648
0.0414075
0.0399291
0.038749
0.0376869
0.036763
0.1466
0.134705
0.144646
0.15285
0.14041
0.129114
0.119102
0.109966
0.10185
0.0945192
0.0877968
0.0817308
0.0763161
0.0714173
0.0671011
0.0632582
0.059678
0.056443
0.0535955
0.0509912
0.0485992
0.140815
0.12952
0.119317
0.1104
0.102227
0.0948715
0.0881331
0.0820686
0.0767289
0.0718625
0.0673834
0.0635091
0.0600254
0.056842
0.0538938
0.0513716
0.0490057
0.0467963
0.0449807
0.0432346
0.0417783
0.0404677
0.0391921
0.0380025
0.0577063
0.0547804
0.0520224
0.049617
0.0475161
0.0454397
0.0436573
0.0420692
0.0405822
0.0392472
0.0380425
0.0370703
0.0361504
0.0352938
0.0344716
0.033834
0.0333178
0.0328533
0.0324287
0.0319731
0.0515629
0.0492099
0.0470857
0.0452443
0.0435391
0.0419884
0.0406567
0.0394583
0.0382772
0.0372911
0.129018
0.118801
0.109775
0.101659
0.0942863
0.0876577
0.192844
0.176372
0.16157
0.148092
0.13615
0.126016
0.116109
0.107356
0.0994234
0.0922235
0.0857787
0.0800232
0.0748881
0.0701833
0.0659074
0.0621102
0.0586736
0.0556126
0.0528354
0.050355
0.0482283
0.157649
0.144697
0.160109
0.146795
0.134951
0.124323
0.11462
0.106016
0.0981919
0.09124
0.0849576
0.0793482
0.074127
0.0695015
0.0653001
0.0616085
0.0581997
0.0551221
0.0744291
0.0697126
0.0657237
0.187625
0.17173
0.157424
0.144456
0.13281
0.122304
0.112883
0.10443
0.0974684
0.0905344
0.0843417
0.0786468
0.0734893
0.0689244
0.0648607
0.0612419
0.0578569
0.0549288
0.0522583
0.0497109
0.0474374
0.0456216
0.0439043
0.0423651
0.0409958
0.0397026
0.0385227
0.037496
0.0365848
0.0356624
0.0348929
0.0342036
0.0334873
0.0328649
0.0323304
0.031779
0.0521659
0.0496245
0.0474909
0.140703
0.129379
0.119807
0.110556
0.102313
0.0948083
0.0881883
0.0821631
0.0766668
0.0718609
0.0673884
0.0635168
0.0598915
0.0566223
0.0537537
0.0512295
0.0488426
0.0745087
0.0699026
0.0657156
0.0618768
0.0583515
0.0553196
0.0527988
0.0503509
0.0480327
0.0459558
0.0441538
0.0424808
0.0409815
0.0396066
0.0384587
0.0374609
0.0364252
0.0355891
0.0347917
0.0340518
0.0334338
0.0327816
0.159142
0.146024
0.134404
0.123662
0.114108
0.105549
0.0977265
0.0906963
0.0844363
0.0788598
0.073841
0.0692441
0.0650813
0.061386
0.0580538
0.055074
0.0523282
0.0499594
0.0673091
0.0632853
0.0598048
0.0773091
0.072279
0.0677263
0.0637633
0.0602382
0.0570591
0.0542204
0.051656
0.0493576
0.0472378
0.0453172
0.0435055
0.0418782
0.040388
0.039226
0.0381482
0.0372005
0.0363765
0.162694
0.149173
0.137088
0.126243
0.116291
0.107494
0.0995029
0.0924262
0.0859836
0.0801148
0.0749321
0.0702261
0.0659043
0.0621811
0.0587758
0.0557526
0.0530349
0.0504674
0.0694847
0.065381
0.0615949
0.147186
0.135197
0.124544
0.240608
0.21929
0.200036
0.201626
0.184254
0.168641
0.154587
0.141995
0.130577
0.120341
0.110986
0.102783
0.0953463
0.0886789
0.0826782
0.077108
0.0721204
0.0677243
0.0637615
0.0601214
0.0569316
0.0748609
0.070242
0.065973
0.0621597
0.0588013
0.055654
0.0529558
0.0505274
0.0483707
0.0462344
0.0444622
0.0697503
0.0656329
0.0617928
0.0583623
0.0747661
0.0700319
0.192961
0.176533
0.161596
0.275312
0.250529
0.228196
0.208174
0.190195
0.173873
0.159177
0.14604
0.134252
0.123569
0.114079
0.105532
0.125462
0.216679
0.197706
0.180655
0.165332
0.151666
0.139344
0.128277
0.118192
0.109176
0.101125
0.09388
0.0872312
0.0812697
0.0758659
0.0992041
0.0921221
0.0857195
0.0798963
0.0942395
0.0875164
0.0816735
0.0972854
0.0903184
0.0840258
0.0784872
0.0734897
0.0689631
0.0648444
0.0611664
0.0851553
0.0794622
0.0741848
0.0695407
0.0654346
0.0616656
0.0583662
0.0552624
0.052405
0.0697085
0.190779
0.174383
0.159783
0.146605
0.134623
0.123996
0.114463
0.105862
0.0980627
0.0909925
0.0847156
0.079044
0.073834
0.0692474
0.0651611
0.0615026
0.0581139
0.0551697
0.05252
0.0500648
0.0478711
0.173126
0.15861
0.145546
0.133845
0.123283
0.113768
0.105252
0.0976322
0.0905346
0.0842075
0.078462
0.073371
0.0689011
0.0648782
0.0612576
0.0580342
0.0756484
0.0707844
0.167949
0.15398
0.141305
0.130003
0.1198
0.110674
0.102317
0.0949303
0.088122
0.0821642
0.0766326
0.0717534
0.0674036
0.0634601
0.0598373
0.0566055
0.053777
0.0512665
0.0489526
0.0470558
0.0450542
0.169163
0.155024
0.142389
0.13087
0.120647
0.11145
0.103066
0.0955533
0.0887948
0.0827409
0.0773052
0.0730563
0.0686051
0.0645766
0.0609317
0.0576385
0.0545723
0.0713646
0.0670954
0.063253
0.0598493
0.0567124
0.0538284
0.0513671
0.0490912
0.0469373
0.0450788
0.0434253
0.0418188
0.0403281
0.0391433
0.0380257
0.0370264
0.0360373
0.0352944
0.0345394
0.033895
0.0524959
0.0501647
0.157756
0.144723
0.13307
0.122611
0.113172
0.104617
0.0969678
0.0899686
0.0838165
0.0782925
0.0732312
0.0686185
0.0644895
0.0608853
0.0575904
0.0545289
0.0519272
0.0494769
0.0473868
0.0657425
0.0619587
0.168681
0.154591
0.142018
0.130578
0.12023
0.111049
0.102702
0.095181
0.0884917
0.082337
0.0767657
0.0717995
0.0674451
0.0635134
0.0599717
0.0568321
0.0538529
0.0513348
0.0490077
0.046795
0.0449827
0.0431468
0.0416065
0.0403035
0.0389963
0.0378007
0.0367534
0.0358333
0.0351075
0.034464
0.033856
0.0332576
0.032799
0.0323863
0.0318773
0.0314608
0.0310955
0.0307923
0.0305387
0.030352
0.030072
0.0297944
0.0296822
0.0295332
0.0294471
0.0293599
0.0291248
0.0289483
0.0288502
0.0286916
0.0285745
0.0285842
0.028401
0.0283481
0.0314525
0.0311168
0.0308372
0.140633
0.129437
0.119294
0.131483
0.121077
0.111644
0.103478
0.095892
0.0890836
0.0829945
0.0775622
0.0725452
0.0680395
0.0639363
0.0602691
0.0570518
0.0541754
0.0516059
0.0492869
0.0470494
0.0722965
0.0677964
0.126934
0.169331
0.207489
0.242033
0.27478
0.304237
0.330338
0.355058
0.450426
0.462477
0.473164
0.482987
0.492407
0.50051
0.507598
0.514387
0.519902
0.525477
0.530017
0.53433
0.538101
0.5419
0.544833
0.547672
0.549839
0.552164
0.55569
0.56071
0.638578
0.631091
0.625038
0.619878
0.615145
0.610933
0.608003
0.60437
0.601073
0.598514
0.595184
0.592805
0.590459
0.588488
0.586635
0.585114
0.583773
0.58233
0.58132
0.579741
0.579153
0.577705
0.576862
0.576194
0.575106
0.574939
0.574827
0.574689
0.574804
0.574668
0.57434
0.573892
0.57287
0.572614
0.572296
0.571982
0.571129
0.571284
0.571083
0.570173
0.571463
0.571456
0.57145
0.571505
0.571493
0.571535
0.571693
0.571049
0.570878
0.571518
0.571515
0.571477
0.571264
0.571398
0.572012
0.572133
0.572475
0.572501
0.57239
0.572556
0.622807
0.617695
0.61317
0.608992
0.60528
0.602151
0.599203
0.595362
0.592828
0.590873
0.588915
0.586501
0.584753
0.583442
0.582234
0.581182
0.580856
0.5795
0.57867
0.577948
0.577376
0.577581
0.576962
0.57661
0.576609
0.576117
0.575673
0.575059
0.57452
0.574034
0.573735
0.572729
0.572442
0.572337
0.571929
0.572189
0.57209
0.572078
0.572214
0.572327
0.572285
0.572634
0.57225
0.572213
0.572131
0.572252
0.572243
0.572641
0.572311
0.572629
0.57271
0.572124
0.571743
0.571699
0.571505
0.5715
0.57139
0.571358
0.571179
0.571837
0.571998
0.571719
0.571277
0.571372
0.571313
0.572233
0.572133
0.572638
0.573096
0.57354
0.573472
0.573674
0.573446
0.573035
0.57299
0.57283
0.572641
0.571329
0.571278
0.571177
0.57116
0.571161
0.571191
0.571127
0.57261
0.572303
0.571872
0.571882
0.571833
0.571962
0.571889
0.572399
0.572708
0.572698
0.572593
0.572809
0.572667
0.573026
0.571711
0.571269
0.648536
0.641023
0.63421
0.627928
0.622297
0.616964
0.612406
0.608279
0.604386
0.601253
0.598267
0.595534
0.593194
0.591158
0.589181
0.587402
0.585721
0.584083
0.582555
0.581311
0.580319
0.579426
0.57846
0.577814
0.577191
0.576816
0.575704
0.575272
0.574888
0.575152
0.574664
0.574526
0.57427
0.573973
0.574438
0.573682
0.573786
0.574308
0.573402
0.574231
0.574152
0.573873
0.573779
0.573559
0.573288
0.573447
0.573242
0.572989
0.57242
0.572317
0.571914
0.571424
0.571421
0.571341
0.57149
0.57157
0.570787
0.570854
0.570508
0.570184
0.570304
0.570285
0.570245
0.570453
0.570396
0.571008
0.571056
0.571259
0.571122
0.571139
0.57096
0.570981
0.57098
0.570516
0.570536
0.570641
0.570767
0.570641
0.57061
0.570426
0.570657
0.570795
0.570822
0.570879
0.570931
0.571182
0.571244
0.571045
0.571105
0.571233
0.571249
0.571311
0.571454
0.571428
0.571505
0.571577
0.571763
0.571748
0.571729
0.5719
0.571887
0.571931
0.571877
0.571671
0.571692
0.572718
0.572617
0.572478
0.572271
0.573216
0.573008
0.572924
0.572783
0.572439
0.572491
0.573405
0.572999
0.572835
0.572704
0.572777
0.572623
0.572535
0.572257
0.572116
0.573078
0.573319
0.573107
0.572827
0.572565
0.572508
0.572531
0.572398
0.571603
0.571991
0.572693
0.572614
0.57245
0.572325
0.572027
0.572344
0.572272
0.572593
0.572323
0.57223
0.572952
0.572761
0.572413
0.571751
0.57192
0.572072
0.57186
0.571915
0.571818
0.57198
0.571365
0.571454
0.570833
0.571203
0.571222
0.571316
0.571851
0.571373
0.571465
0.571461
0.571367
0.571575
0.570942
0.570987
0.5708
0.571474
0.571831
0.570859
0.57112
0.571333
0.571297
0.571425
0.57123
0.571243
0.571053
0.571196
0.571218
0.571236
0.571043
0.571257
0.571287
0.570945
0.570795
0.570656
0.570672
0.570699
0.570951
0.57111
0.571506
0.571495
0.571475
0.572286
0.572197
0.572321
0.572023
0.57211
0.571194
0.571322
0.571329
0.571166
0.571931
0.571912
0.571659
0.57175
0.571516
0.571232
0.571043
0.571078
0.570905
0.57102
0.571016
0.571098
0.572033
0.572507
0.572242
0.572189
0.572311
0.572088
0.571906
0.572059
0.572402
0.572884
0.572837
0.572692
0.572671
0.573567
0.573542
0.572898
0.572815
0.572877
0.572793
0.572653
0.57245
0.572334
0.57247
0.572459
0.571613
0.571543
0.571476
0.571465
0.571154
0.571187
0.571207
0.571021
0.570972
0.570841
0.570928
0.570987
0.570724
0.570979
0.570995
0.57042
0.570399
0.570703
0.570647
0.571138
0.571154
0.571178
0.57166
0.571633
0.571788
0.571748
0.571569
0.571551
0.571334
0.571247
0.571261
0.571332
0.571322
0.571351
0.571483
0.571593
0.572117
0.572454
0.572623
0.57258
0.572614
0.572083
0.572007
0.571946
0.571362
0.571544
0.571532
0.571701
0.57167
0.570852
0.572323
0.572633
0.572356
0.572464
0.572491
0.572381
0.572244
0.571986
0.570935
0.57098
0.571431
0.57175
0.572111
0.571835
0.57179
0.571299
0.570694
0.570764
0.570622
0.570824
0.571034
0.571588
0.571486
0.571067
0.571726
0.572029
0.571968
0.57209
0.571998
0.571342
0.571382
0.570769
0.571199
0.571423
0.571244
0.571342
0.570733
0.570623
0.56988
0.569622
0.570052
0.570119
0.571465
0.571659
0.571447
0.571307
0.570128
0.57005
0.570143
0.569903
0.569888
0.569197
0.569212
0.568848
0.568673
0.568814
0.56919
0.569445
0.569743
0.570112
0.569011
0.568571
0.568648
0.568718
0.568973
0.569512
0.569508
0.569665
0.569376
0.568759
0.568817
0.569929
0.57069
0.570693
0.570558
0.570097
0.570089
0.57021
0.570255
0.57112
0.570258
0.570051
0.570086
0.569372
0.569337
0.569866
0.569993
0.570091
0.570221
0.570748
0.571734
0.571831
0.571582
0.571723
0.571639
0.571813
0.571886
0.571315
0.571518
0.571118
0.571145
0.570431
0.570533
0.56989
0.569793
0.569953
0.569998
0.570003
0.570142
0.570267
0.571125
0.57128
0.571291
0.571439
0.571216
0.571388
0.571593
0.571563
0.571642
0.571623
0.570832
0.570907
0.570841
0.571046
0.57101
0.571055
0.57097
0.570449
0.570585
0.570666
0.570716
0.569792
0.5699
0.57005
0.570593
0.570705
0.570732
0.57083
0.570874
0.571124
0.571228
0.571353
0.570701
0.570975
0.569679
0.569969
0.569352
0.56971
0.569737
0.569903
0.569956
0.570736
0.570802
0.570845
0.570304
0.570474
0.570543
0.570833
0.570854
0.57077
0.570832
0.57076
0.570551
0.571061
0.571149
0.571378
0.571401
0.571375
0.571377
0.571516
0.571503
0.571735
0.57141
0.571824
0.571986
0.571945
0.571663
0.571591
0.571478
0.57154
0.571474
0.571472
0.571592
0.571572
0.571718
0.571784
0.571745
0.572734
0.571383
0.571727
0.57176
0.57172
0.571601
0.571644
0.571574
0.591044
0.58912
0.587348
0.585694
0.583928
0.58382
0.582593
0.581473
0.579681
0.580286
0.579435
0.57904
0.578272
0.577379
0.576598
0.576503
0.57557
0.574537
0.574335
0.574076
0.573807
0.573771
0.573549
0.572104
0.572043
0.57192
0.572085
0.572016
0.57196
0.57164
0.5724
0.571566
0.571424
0.571613
0.573034
0.573084
0.572963
0.572204
0.570894
0.570947
0.571248
0.571057
0.571091
0.570756
0.570832
0.570661
0.570734
0.570826
0.571084
0.571096
0.571458
0.57189
0.572691
0.572497
0.572592
0.572747
0.573139
0.572792
0.57205
0.573188
0.573418
0.572949
0.572765
0.572487
0.572157
0.573277
0.57186
0.571826
0.572035
0.573276
0.572969
0.572658
0.571805
0.571585
0.571361
0.571584
0.571594
0.57238
0.572125
0.572
0.572144
0.57189
0.571706
0.571655
0.571424
0.571306
0.571737
0.571497
0.571487
0.571541
0.572115
0.572862
0.572897
0.572421
0.572491
0.572054
0.572161
0.572084
0.57205
0.571779
0.571741
0.572087
0.572129
0.571863
0.570997
0.570627
0.570812
0.570739
0.5706
0.57073
0.570591
0.570671
0.570497
0.570443
0.570538
0.570594
0.570757
0.57164
0.571605
0.571133
0.56953
0.56914
0.569333
0.569709
0.569816
0.569436
0.569309
0.570119
0.570294
0.570292
0.570367
0.570392
0.569859
0.569977
0.569059
0.569292
0.569557
0.569907
0.569812
0.569836
0.57002
0.57018
0.569277
0.569258
0.569471
0.56959
0.569812
0.569147
0.569372
0.569123
0.569263
0.569498
0.569627
0.569599
0.569938
0.570493
0.570749
0.569374
0.56954
0.569642
0.569382
0.569583
0.569629
0.569918
0.570241
0.570388
0.569993
0.570312
0.570442
0.570348
0.570466
0.570645
0.571027
0.570999
0.571
0.571654
0.572034
0.573013
0.572892
0.573206
0.572897
0.572769
0.572631
0.572341
0.573475
0.573471
0.573263
0.573489
0.573222
0.573
0.572817
0.572662
0.573328
0.573013
0.571373
0.570447
0.570672
0.570744
0.570809
0.571114
0.571551
0.571945
0.572034
0.571803
0.572156
0.57126
0.571264
0.570662
0.570735
0.570801
0.57086
0.570756
0.570615
0.57053
0.570811
0.570933
0.570483
0.569767
0.569796
0.56975
0.569915
0.570062
0.569824
0.569782
0.569991
0.570131
0.570309
0.570212
0.570173
0.570046
0.570203
0.571566
0.594906
0.593374
0.591076
0.589185
0.58761
0.586014
0.584593
0.58327
0.582697
0.581544
0.580529
0.579615
0.57933
0.578476
0.578382
0.577273
0.576826
0.576282
0.575989
0.575734
0.575171
0.574794
0.574457
0.574227
0.574126
0.573244
0.573091
0.572739
0.572588
0.572561
0.572438
0.572436
0.572184
0.572092
0.572016
0.57203
0.57139
0.570917
0.571083
0.570983
0.570979
0.570857
0.57091
0.570808
0.570674
0.570881
0.571095
0.570782
0.570933
0.570934
0.570839
0.571304
0.571329
0.571156
0.571371
0.571351
0.571355
0.571228
0.571196
0.572221
0.571584
0.572854
0.572635
0.571896
0.571983
0.595063
0.592491
0.590125
0.588252
0.586374
0.584876
0.582849
0.581563
0.580664
0.579765
0.578893
0.578181
0.577502
0.576891
0.576418
0.576178
0.575699
0.575921
0.575334
0.57535
0.574759
0.574611
0.574289
0.574313
0.574021
0.573556
0.573122
0.572972
0.573633
0.573492
0.573218
0.573138
0.572899
0.573948
0.573693
0.573463
0.57332
0.573005
0.573014
0.573664
0.573642
0.573417
0.573061
0.572894
0.572744
0.572605
0.572046
0.572025
0.571626
0.571567
0.571687
0.570554
0.570634
0.570505
0.570399
0.570204
0.570527
0.570409
0.570507
0.570596
0.570707
0.570296
0.570226
0.570352
0.570581
0.570662
0.57094
0.57006
0.570645
0.57072
0.570787
0.570835
0.57089
0.570809
0.570868
0.571125
0.569923
0.571266
0.571401
0.571515
0.571333
0.571339
0.571229
0.571041
0.571127
0.571576
0.5715
0.571284
0.571173
0.571307
0.571316
0.570591
0.572028
0.571689
0.571678
0.572034
0.57188
0.571831
0.572635
0.57333
0.573277
0.572759
0.572405
0.572303
0.573031
0.572688
0.57277
0.57236
0.572071
0.571792
0.571957
0.5719
0.571651
0.571625
0.571807
0.571769
0.571891
0.571841
0.571796
0.572389
0.57204
0.571457
0.571434
0.57143
0.570956
0.570961
0.571023
0.571038
0.570948
0.57067
0.570915
0.57079
0.571093
0.570918
0.57094
0.569808
0.56988
0.570044
0.57038
0.570433
0.570657
0.570801
0.570799
0.570977
0.571018
0.571056
0.571125
0.571014
0.571016
0.57132
0.570741
0.570544
0.570629
0.570699
0.571101
0.57113
0.571047
0.571082
0.571263
0.571276
0.571236
0.571047
0.571159
0.571281
0.571497
0.572085
0.572016
0.572113
0.572012
0.57195
0.571917
0.571749
0.571678
0.571736
0.571638
0.571504
0.57164
0.571587
0.572386
0.572252
0.571561
0.571339
0.571332
0.570723
0.570585
0.570666
0.570739
0.56939
0.569622
0.569799
0.56991
0.570058
0.570099
0.570023
0.57016
0.570248
0.570241
0.570353
0.570598
0.570715
0.570783
0.571193
0.571213
0.632543
0.626504
0.620993
0.616167
0.610855
0.60631
0.603209
0.600232
0.597335
0.594945
0.592433
0.590348
0.589134
0.586771
0.585256
0.583681
0.582445
0.581289
0.580434
0.580147
0.578846
0.578059
0.577408
0.576807
0.576441
0.575971
0.575446
0.575242
0.574944
0.574589
0.573059
0.572493
0.572293
0.572251
0.572069
0.572001
0.571739
0.571499
0.5713
0.570259
0.570373
0.570295
0.570386
0.570214
0.570127
0.570075
0.569966
0.569949
0.570743
0.571358
0.571374
0.571552
0.571629
0.571605
0.571734
0.571687
0.571511
0.571307
0.570646
0.570785
0.57105
0.571209
0.571212
0.571326
0.570955
0.571434
0.571388
0.571212
0.571217
0.571453
0.570979
0.57088
0.571136
0.571571
0.571534
0.571491
0.571606
0.571696
0.571858
0.571402
0.571394
0.571385
0.571337
0.571343
0.571524
0.57129
0.5713
0.571428
0.571523
0.571507
0.571335
0.571562
0.571545
0.571392
0.572051
0.571806
0.571765
0.571727
0.571742
0.571854
0.571638
0.571655
0.570781
0.570877
0.570929
0.571116
0.571198
0.57099
0.571443
0.572225
0.572142
0.572022
0.572065
0.571953
0.571753
0.570984
0.571015
0.57119
0.571111
0.571466
0.571253
0.571191
0.571831
0.571352
0.571359
0.571148
0.571217
0.57144
0.571512
0.5715
0.571284
0.571868
0.571788
0.571781
0.571899
0.571832
0.571778
0.570101
0.571725
0.571691
0.571994
0.571928
0.571916
0.571905
0.570679
0.570552
0.57055
0.570592
0.570883
0.571056
0.570885
0.570907
0.569931
0.56928
0.569613
0.569737
0.569749
0.569894
0.570213
0.570126
0.570496
0.570502
0.570591
0.571353
0.570829
0.570748
0.570831
0.570843
0.570369
0.570229
0.570255
0.570503
0.57073
0.570591
0.570745
0.570787
0.570854
0.570498
0.571048
0.571144
0.571268
0.57064
0.57092
0.572023
0.571618
0.571595
0.572157
0.572237
0.572383
0.57167
0.571735
0.572245
0.572159
0.572444
0.572205
0.571938
0.571099
0.571237
0.571221
0.570633
0.570709
0.570771
0.5709
0.570655
0.570309
0.570306
0.570325
0.570636
0.570811
0.570722
0.570911
0.570875
0.572197
0.572191
0.571778
0.572763
0.572709
0.572597
0.572767
0.57255
0.572229
0.572027
0.651836
0.64397
0.636729
0.630553
0.624023
0.620193
0.61578
0.611214
0.607027
0.603364
0.599732
0.59677
0.594225
0.591846
0.590006
0.588451
0.586745
0.585005
0.584332
0.582424
0.580783
0.579908
0.579101
0.578365
0.577511
0.576938
0.575509
0.575063
0.574619
0.574296
0.574006
0.573939
0.573745
0.573776
0.573982
0.573758
0.573317
0.573329
0.573164
0.573147
0.573583
0.573568
0.573309
0.573175
0.572997
0.573201
0.573059
0.572921
0.573209
0.57298
0.572821
0.572492
0.572386
0.572286
0.571992
0.571538
0.571505
0.571384
0.571411
0.572702
0.57244
0.57245
0.572754
0.572899
0.571132
0.571171
0.571936
0.571881
0.571724
0.571738
0.574366
0.57331
0.572939
0.57258
0.572314
0.572222
0.57203
0.571726
0.570934
0.570676
0.570879
0.57174
0.571779
0.571682
0.5715
0.570907
0.572065
0.571998
0.571326
0.571333
0.571361
0.571351
0.571381
0.571382
0.571415
0.571832
0.57199
0.571895
0.572449
0.572343
0.572248
0.571046
0.571077
0.571109
0.571387
0.570962
0.571209
0.571391
0.571023
0.571166
0.571316
0.571324
0.571103
0.571081
0.571455
0.571535
0.571495
0.571453
0.571478
0.570827
0.571078
0.571935
0.571315
0.571937
0.571882
0.572038
0.572997
0.572837
0.572744
0.572791
0.572593
0.572422
0.5723
0.572132
0.572055
0.572453
0.572535
0.572255
0.571996
0.572031
0.571251
0.571137
0.570957
0.570825
0.570882
0.571752
0.571524
0.571511
0.571364
0.571572
0.571717
0.571665
0.571228
0.572064
0.572144
0.595835
0.593391
0.591191
0.589294
0.664096
0.65521
0.647749
0.640219
0.634162
0.628039
0.6224
0.618195
0.614241
0.609963
0.606422
0.602938
0.599797
0.597315
0.594722
0.592453
0.590542
0.588423
0.586764
0.585272
0.58406
0.583404
0.581163
0.580186
0.580218
0.579675
0.578856
0.578119
0.577251
0.575696
0.57547
0.575187
0.57475
0.574446
0.573731
0.572934
0.57278
0.571761
0.570979
0.57102
0.57107
0.571118
0.571043
0.571232
0.570838
0.570333
0.570308
0.570471
0.570358
0.571777
0.571738
0.571908
0.572062
0.571265
0.571483
0.571576
0.571516
0.57126
0.571149
0.571375
0.571572
0.571576
0.571558
0.571231
0.571231
0.571596
0.571601
0.572463
0.572666
0.572529
0.5728
0.572454
0.57221
0.572004
0.572224
0.572538
0.572628
0.57246
0.572353
0.572205
0.572329
0.572082
0.572003
0.571737
0.571709
0.571092
0.571051
0.571485
0.571271
0.571488
0.572109
0.571868
0.571951
0.571623
0.571578
0.571674
0.571685
0.571434
0.571635
0.571406
0.572016
0.571749
0.571569
0.571481
0.571472
0.570981
0.571636
0.572431
0.57226
0.572522
0.572393
0.572907
0.572372
0.572319
0.572149
0.572073
0.571263
0.571106
0.571023
0.569911
0.570469
0.570523
0.57061
0.570678
0.570903
0.57109
0.571219
0.571214
0.572051
0.621543
0.61649
0.612185
0.607962
0.604919
0.600776
0.597838
0.595183
0.5926
0.590479
0.588647
0.586921
0.585416
0.584833
0.583332
0.582173
0.581243
0.580158
0.579282
0.578099
0.57779
0.577096
0.576445
0.575751
0.575379
0.574981
0.573543
0.573962
0.573705
0.573298
0.573312
0.573529
0.573255
0.572864
0.572723
0.573112
0.573314
0.573055
0.572991
0.572936
0.572952
0.573205
0.57384
0.573595
0.573372
0.57318
0.573142
0.572967
0.572637
0.573786
0.573546
0.573331
0.572939
0.572464
0.572261
0.572203
0.571917
0.571224
0.571203
0.57109
0.571271
0.571283
0.571304
0.571162
0.570782
0.570843
0.571106
0.571086
0.571248
0.571263
0.571263
0.570917
0.570267
0.570568
0.570651
0.570888
0.57107
0.570897
0.571151
0.57138
0.571382
0.571178
0.57117
0.571135
0.571161
0.571328
0.571187
0.571175
0.570992
0.571195
0.573417
0.573422
0.57312
0.572742
0.572812
0.572081
0.571808
0.571737
0.571636
0.571611
0.571701
0.571821
0.571368
0.5713
0.57113
0.571112
0.57114
0.571107
0.570931
0.571182
0.571084
0.570984
0.571041
0.571239
0.571482
0.571473
0.571285
0.571158
0.571275
0.571491
0.571244
0.571669
0.571782
0.571906
0.572063
0.571996
0.571935
0.572271
0.571364
0.571325
0.571374
0.571376
0.571377
0.571552
0.571126
0.571185
0.570815
0.569689
0.618771
0.614212
0.609866
0.606054
0.602473
0.599771
0.596063
0.59381
0.591463
0.589376
0.587676
0.586048
0.584694
0.583022
0.582336
0.582256
0.581828
0.581102
0.580131
0.579193
0.578643
0.578737
0.578003
0.577287
0.577107
0.575979
0.575386
0.574977
0.574321
0.573823
0.573522
0.573185
0.573005
0.572809
0.572667
0.572418
0.57252
0.573531
0.573275
0.573023
0.573065
0.57291
0.572643
0.572355
0.572377
0.572352
0.572051
0.571985
0.573148
0.573142
0.571966
0.571959
0.571948
0.571892
0.57198
0.571921
0.57182
0.571777
0.571739
0.571717
0.571675
0.571614
0.571915
0.571684
0.571869
0.57129
0.571355
0.571275
0.571287
0.571502
0.571286
0.570926
0.571862
0.572036
0.572714
0.57255
0.572415
0.572312
0.57222
0.575622
0.575036
0.574563
0.574124
0.573733
0.573553
0.573359
0.573127
0.572992
0.572627
0.572933
0.572836
0.572682
0.572544
0.572428
0.571621
0.571863
0.572015
0.571952
0.57173
0.571677
0.572788
0.572623
0.572595
0.572622
0.572455
0.572303
0.572827
0.572539
0.572217
0.571929
0.57208
0.571992
0.572198
0.571993
0.572099
0.572479
0.573155
0.573039
0.572868
0.572772
0.572666
0.572458
0.572409
0.572084
0.572491
0.572381
0.572263
0.572173
0.572351
0.572239
0.572167
0.571475
0.571582
0.572337
0.572057
0.571786
0.571814
0.570748
0.572041
0.572181
0.572099
0.572044
0.571921
0.573049
0.573507
0.573225
0.572869
0.572558
0.572442
0.571706
0.571675
0.571704
0.571327
0.570153
0.570072
0.570095
0.569767
0.569904
0.570188
0.570222
0.570799
0.571041
0.570887
0.570957
0.571001
0.570979
0.571107
0.5707
0.570843
0.570693
0.570539
0.570426
0.570558
0.570763
0.570755
0.570432
0.570409
0.570796
0.570878
