8.36871
8.35124
8.32078
8.25691
8.24225
8.23843
8.1735
8.15326
8.16657
8.10521
8.07435
8.0752
8.01971
7.98339
8.00896
8.08645
8.07284
8.14357
8.17121
8.15038
8.15088
8.08802
8.0683
8.08189
8.0363
7.99329
8.00767
7.97253
7.93932
8.06635
8.02039
7.97758
8.07644
8.03295
7.98603
8.08322
8.03277
7.98629
8.07322
8.11408
8.09416
8.10273
8.06332
8.01277
8.01349
7.96791
7.92462
8.04304
8.0021
7.97022
7.99506
7.95557
7.9208
8.03987
8.01841
8.09123
8.26896
8.22471
8.19547
8.18713
8.13205
8.08951
8.10835
8.06058
8.01001
8.12477
8.07182
8.01967
8.14419
8.08849
8.03914
8.1421
8.08588
8.03812
8.08535
8.03957
8.02024
8.17426
8.1302
8.08429
8.08424
8.04832
8.01009
8.21301
8.15517
8.12264
8.11999
8.06248
8.01062
8.25625
8.18783
8.12353
8.22609
8.18338
8.24384
8.32733
8.31995
8.24694
8.333
8.24899
8.18021
8.27979
8.21272
8.15128
8.22967
8.1765
8.13052
8.33369
8.25522
8.22002
8.20979
8.14923
8.09186
8.18653
8.1453
8.09159
8.17823
8.21743
8.17905
8.34233
8.27692
8.21875
8.20492
8.14245
8.09766
8.09767
8.04599
8.00204
8.10368
8.06094
8.01354
8.22021
8.17069
8.25681
8.49977
8.42558
8.37086
8.59403
8.50101
8.45044
8.42498
8.33514
8.27761
8.26949
8.19907
8.1445
8.13223
8.07999
8.06871
8.07896
8.02903
7.98595
8.01189
8.02997
7.9801
8.05596
8.01117
7.97682
7.99937
7.95834
7.91557
8.022
7.98188
7.95579
7.98043
7.94291
7.90744
8.03136
7.99721
7.96426
8.07623
8.04063
8.07348
8.30019
8.23818
8.19406
8.34261
8.28307
8.23174
8.43912
8.36307
8.29573
8.38446
8.31445
8.24278
8.3494
8.26851
8.20105
8.29886
8.2296
8.1557
8.16077
8.12539
8.07116
8.23346
8.17441
8.11396
8.21351
8.16528
8.10512
8.1945
8.13252
8.08461
8.19304
8.12904
8.07483
8.16596
8.11053
8.07505
8.08127
8.04371
8.0737
8.2059
8.1354
8.08292
8.22381
8.18233
8.11981
8.18414
8.26336
8.18922
8.27203
8.20718
8.15845
8.24817
8.18193
8.14108
8.2371
8.16737
8.11208
8.22575
8.19165
8.13628
8.21019
8.2995
8.23201
8.22209
8.16117
8.0979
8.19296
8.13491
8.08345
8.21922
8.17329
8.11802
8.21723
8.15736
8.1035
8.22563
8.16172
8.1813
8.20559
8.29552
8.22726
8.26829
8.3358
8.2644
8.37151
8.30642
8.23127
8.21444
8.17777
8.11368
8.2534
8.18483
8.12922
8.13323
8.10509
8.05381
8.05835
8.14194
8.12319
8.1291
8.28185
8.21491
8.21638
8.16722
8.10531
8.11965
8.08751
8.0337
8.04742
8.00658
7.96188
7.95994
7.96929
7.92889
7.91977
7.93571
7.93526
7.94394
8.04078
7.99901
7.99007
8.013
7.96948
7.93804
7.96366
7.93365
7.89803
8.00157
7.95968
7.92536
8.03607
7.98992
7.95709
8.07724
8.0292
7.98071
8.13455
8.11552
8.07171
8.13679
8.08673
8.02956
8.13023
8.07567
8.02646
8.13668
8.07998
8.0338
8.14915
8.08876
8.03888
8.28355
8.21136
8.15267
8.38353
8.32009
8.32773
8.39173
8.37647
8.30072
8.50566
8.40623
8.33033
8.563
8.46744
8.37632
8.42338
8.34249
8.26133
8.34899
8.27669
8.22746
8.30829
8.22964
8.16546
8.36331
8.35156
8.27454
8.40787
8.33523
8.27277
8.35209
8.2725
8.20608
8.26161
8.21369
8.14989
8.23643
8.17382
8.11731
8.21674
8.15587
8.09435
8.20017
8.14736
8.20917
8.42132
8.34945
8.27821
8.48442
8.40053
8.31516
8.39162
8.31925
8.24289
8.33145
8.26323
8.20307
8.29924
8.22863
8.1658
8.26507
8.19856
8.13293
8.3291
8.26178
8.22557
8.38966
8.31095
8.24499
8.21902
8.15304
8.09703
8.19746
8.14239
8.08961
8.19413
8.13217
8.08468
8.20935
8.15581
8.10118
8.2356
8.17849
8.22362
8.28088
8.29934
8.22553
8.37507
8.3013
8.23061
8.30806
8.23724
8.17938
8.27053
8.20902
8.16083
8.15764
8.10051
8.06583
8.07558
8.02544
7.9868
8.33486
8.2682
8.25157
8.26745
8.40951
8.32631
8.25797
8.46714
8.38546
8.36457
8.29358
8.22421
8.31232
8.26486
8.21202
8.29474
8.21954
8.15719
8.27676
8.22982
8.28541
8.51889
8.4408
8.35141
8.47442
8.38638
8.31031
8.29152
8.22065
8.15225
8.24306
8.18351
8.12455
8.22468
8.16165
8.10156
8.22919
8.17883
8.11805
8.27407
8.32125
8.25671
8.39234
8.31526
8.23475
8.31468
8.24568
8.18911
8.30033
8.23048
8.15841
8.25598
8.1914
8.12797
8.21854
8.1616
8.10401
8.22217
8.16816
8.10449
8.31832
8.24346
8.1729
8.30526
8.23398
8.17358
8.27128
8.20088
8.13484
8.23068
8.16137
8.12153
8.21582
8.14975
8.09746
8.19164
8.12725
8.07229
8.16655
8.11287
8.19065
8.43273
8.34777
8.26467
8.48245
8.39728
8.33391
8.56628
8.4752
8.38677
8.44927
8.3662
8.28549
8.41089
8.33876
8.269
8.3681
8.28868
8.20758
8.37714
8.39135
8.32635
8.57558
8.47861
8.38237
8.52248
8.44724
8.37051
8.43587
8.34902
8.28233
8.37046
8.29751
8.22115
8.31554
8.25831
8.1927
8.28543
8.29029
8.22332
8.39243
8.31997
8.24131
8.23148
8.16509
8.10613
8.20513
8.15369
8.09497
8.18906
8.14069
8.08951
8.08645
8.03972
7.99453
8.10357
8.04954
8.00747
8.20947
8.16021
8.10052
8.17054
8.12128
8.08147
8.0889
8.03944
7.99561
8.10721
8.05061
7.99696
8.09837
8.04977
8.01394
8.10889
8.06065
8.01439
8.04319
8.02469
7.98121
8.2316
8.17966
8.12388
8.39345
8.31207
8.23786
8.23921
8.17428
8.11548
8.20625
8.14634
8.09544
8.20153
8.14651
8.0783
8.18409
8.12651
8.07793
8.20403
8.14623
8.11722
8.27359
8.22201
8.15148
8.25267
8.18721
8.12522
8.2307
8.1717
8.11112
8.20893
8.14697
8.08437
8.18033
8.12502
8.07256
8.17523
8.11
8.17514
8.39411
8.31597
8.26481
8.47842
8.39185
8.31124
8.28112
8.21503
8.14984
8.25801
8.1995
8.13342
8.23564
8.17946
8.12951
8.13969
8.09003
8.04252
8.24253
8.17745
8.13032
8.17683
8.18916
8.12622
8.12401
8.06997
8.02975
8.13506
8.08914
8.041
8.13331
8.07979
8.03917
8.14518
8.08779
8.0401
8.14343
8.09996
8.07088
8.22369
8.15906
8.13044
8.37601
8.30741
8.23531
8.3164
8.25274
8.18461
8.28795
8.22449
8.18314
8.17098
8.1237
8.06577
8.16545
8.10891
8.04875
8.15094
8.19559
8.17184
8.23053
8.17131
8.13469
8.12315
8.06604
8.02521
8.14596
8.10093
8.06323
8.14924
8.10274
8.05633
8.16137
8.10001
8.05295
8.14975
8.09971
8.07412
8.25405
8.19073
8.16648
8.32797
8.31716
8.28061
8.33869
8.36171
8.34267
8.46709
8.37639
8.34095
8.32788
8.24591
8.22333
8.21627
8.15962
8.10244
8.12576
8.1842
8.15971
8.17903
8.16103
8.16244
8.4091
8.33164
8.30641
8.37323
8.30104
8.29014
8.26799
8.19568
8.17565
8.18158
8.11402
8.06306
8.07124
8.0313
8.07027
8.34274
8.26935
8.24047
8.31546
8.2465
8.23952
8.17495
8.11826
8.12267
8.07103
8.02951
8.0076
8.17067
8.11483
8.09555
8.04277
7.99448
8.04516
8.10376
8.09516
8.10095
8.25589
8.20374
8.18638
8.1813
8.12769
8.11384
8.11676
8.0814
8.07747
8.07874
8.03886
8.02254
8.04667
8.0014
7.9533
7.98677
7.96186
7.94303
8.12685
8.08005
8.03595
8.18581
8.13706
8.08333
8.19451
8.14326
8.09138
8.18741
8.13901
8.07757
8.08738
8.03988
7.99894
8.12474
8.06867
8.0184
8.13055
8.18994
8.17309
8.22495
8.17121
8.16734
8.18326
8.12984
8.10881
8.1035
8.06423
8.05363
8.05756
8.0122
8.00028
8.02843
7.97948
7.97849
7.99703
7.96279
7.96953
8.22919
8.16849
8.14505
8.18476
8.16422
8.13659
8.28064
8.20747
8.16713
8.16593
8.10002
8.04974
8.13926
8.09208
8.06194
8.16057
8.097
8.0469
8.15894
8.20546
8.16807
8.31869
8.2483
8.20828
8.41883
8.33442
8.26939
8.25424
8.19067
8.13845
8.15074
8.09362
8.04035
8.25021
8.19516
8.17094
8.16682
8.10546
8.06107
8.09578
8.18342
8.15704
8.20922
8.14851
8.09061
8.09455
8.04455
7.99653
8.10561
8.05588
8.01261
8.10979
8.06089
8.00623
8.12272
8.06765
8.01557
8.11597
8.05309
8.09878
8.35918
8.28217
8.21171
8.28106
8.21671
8.15956
8.25148
8.18744
8.13116
8.23533
8.1668
8.10948
8.20926
8.1561
8.10276
8.20557
8.13377
8.08452
8.20238
8.27732
8.20652
8.36968
8.32679
8.28607
8.27553
8.20849
8.1575
8.15602
8.09574
8.04701
8.14916
8.09442
8.0378
8.13842
8.09012
8.05177
8.15565
8.10564
8.06176
8.17585
8.22481
8.18276
8.34445
8.27431
8.21028
8.20178
8.13816
8.09082
8.10082
8.04871
7.9969
8.12119
8.06233
8.02248
8.14581
8.08784
8.03988
8.24256
8.17379
8.18868
8.46507
8.47252
8.40965
8.60047
8.49359
8.43926
8.4253
8.34519
8.29307
8.28255
8.21971
8.17415
8.18453
8.14226
8.09562
8.10612
8.0568
8.0146
8.11397
8.06123
8.10196
8.34033
8.26365
8.18498
8.32887
8.25458
8.18384
8.26027
8.20556
8.14727
8.23162
8.16479
8.11028
8.20774
8.1419
8.08196
8.14907
8.10807
8.06666
8.21314
8.25433
8.19771
8.33845
8.26732
8.24074
8.38885
8.31367
8.24321
8.32568
8.24969
8.18812
8.28876
8.22075
8.15949
8.25236
8.18778
8.13065
8.22131
8.17919
8.20322
8.43313
7.98359
7.58335
7.24363
6.91252
6.61325
6.33821
6.09765
5.8987
5.92467
5.71861
5.5365
5.3736
5.23001
5.24461
5.10881
4.98234
4.87774
4.78997
4.69452
4.61911
4.65097
4.59199
4.5703
4.65649
4.59362
4.53552
4.47846
4.4488
4.62875
4.56396
4.51349
4.46522
4.43518
4.44852
4.40221
4.35221
4.31452
4.30746
4.32515
4.2924
4.26228
4.23173
4.21039
4.24482
4.21048
4.18271
4.16321
4.14068
4.18579
4.1635
4.13808
4.11417
4.09629
4.14083
4.12852
4.1209
4.13373
4.14636
4.29943
4.32274
4.28756
4.25317
4.25956
4.3003
4.26256
4.22567
4.19317
4.18269
4.30939
4.27316
4.24438
4.20742
4.17787
4.29338
4.25276
4.22767
4.20016
4.18812
4.22704
4.20205
4.17618
4.14676
4.13197
4.26295
4.2399
4.2079
4.17318
4.15104
4.37626
4.39713
4.34391
4.30963
4.29605
4.32691
4.43179
4.38642
4.33636
4.34564
4.45249
4.41504
4.37105
4.32653
4.31055
4.33411
4.29532
4.27539
4.24484
4.22279
4.25929
4.22577
4.1919
4.17051
4.14381
4.19125
4.16493
4.14184
4.11618
4.09529
4.22189
4.19962
4.17643
4.16053
4.15428
4.29779
4.26379
4.2248
4.19826
4.17075
4.28227
4.25007
4.23018
4.20423
4.18314
4.29702
4.27355
4.25022
4.21869
4.19477
4.30681
4.2761
4.24246
4.21846
4.2068
4.32127
4.28766
4.24822
4.21641
4.19543
4.31964
4.28054
4.24118
4.20897
4.17883
4.31063
4.34053
4.29689
4.26512
4.23882
4.34623
4.32715
4.294
4.26481
4.2383
4.26391
4.30357
4.27291
4.2415
4.21121
4.24626
4.2172
4.18831
4.16431
4.14129
4.26701
4.23581
4.20314
4.18279
4.1569
4.27826
4.24966
4.2173
4.20066
4.17162
4.29443
4.25691
4.23609
4.223
4.27563
4.46637
4.41356
4.36133
4.314
4.30412
4.33436
4.38379
4.34859
4.30751
4.2719
4.2905
4.3157
4.27839
4.2495
4.22042
4.26063
4.22716
4.19839
4.16559
4.15188
4.27975
4.24931
4.22074
4.18815
4.16354
4.28687
4.25706
4.2187
4.19733
4.16285
4.2086
4.29666
4.27743
4.25473
4.23156
4.27075
4.30141
4.25918
4.23712
4.21131
4.25651
4.23244
4.20131
4.16808
4.14937
4.25872
4.22647
4.19999
4.17198
4.14726
4.29772
4.2667
4.23556
4.20468
4.17677
4.28728
4.25233
4.2214
4.19227
4.16597
4.22365
4.25393
4.22073
4.19528
4.19887
4.23247
4.28313
4.25288
4.22592
4.19737
4.23772
4.26547
4.22584
4.19836
4.1814
4.20419
4.24109
4.21044
4.1841
4.15652
4.13785
4.1863
4.16744
4.13799
4.1104
4.09544
4.06929
4.20429
4.18298
4.19067
4.1556
4.13276
4.10539
4.09112
4.07066
4.29242
4.34029
4.3115
4.26824
4.24221
4.28514
4.24446
4.21773
4.25049
4.23484
4.2742
4.24142
4.21172
4.1897
4.17885
4.21173
4.18649
4.17129
4.14226
4.13067
4.17742
4.15637
4.13992
4.11006
4.096
4.14536
4.11622
4.09039
4.07191
4.05815
4.1905
4.18043
4.15745
4.15221
4.18401
4.30145
4.27055
4.24344
4.21928
4.19262
4.22617
4.27357
4.23868
4.20579
4.17397
4.29544
4.26526
4.22701
4.18974
4.16624
4.29693
4.27106
4.23977
4.21175
4.18264
4.29065
4.26016
4.22885
4.21125
4.18929
4.30253
4.26284
4.23325
4.20826
4.17778
4.31297
4.33264
4.29067
4.24884
4.22011
4.35882
4.36196
4.32065
4.27828
4.25866
4.37197
4.33196
4.29623
4.26368
4.24037
4.34935
4.30845
4.27453
4.23839
4.20879
4.31866
4.30274
4.26268
4.22619
4.20396
4.32782
4.28549
4.25392
4.2212
4.19626
4.23716
4.21165
4.18718
4.21025
4.20025
4.25392
4.21806
4.18135
4.15726
4.13759
4.25081
4.21096
4.18913
4.16035
4.13801
4.25649
4.22891
4.19809
4.17395
4.1512
4.26658
4.2405
4.20331
4.16862
4.15302
4.26941
4.24826
4.22116
4.20012
4.17504
4.29367
4.25877
4.23134
4.19707
4.17099
4.34629
4.37324
4.32974
4.29408
4.27124
4.2971
4.42932
4.38669
4.34267
4.30309
4.40567
4.35791
4.32366
4.28601
4.25517
4.37635
4.33013
4.293
4.26659
4.23377
4.33713
4.30094
4.26262
4.22425
4.19647
4.30335
4.27849
4.24558
4.21444
4.19218
4.23217
4.20408
4.19213
4.2116
4.19308
4.23525
4.29637
4.26397
4.23181
4.20867
4.34015
4.30955
4.26666
4.23239
4.21113
4.33504
4.30024
4.26903
4.23798
4.20999
4.31949
4.28568
4.2452
4.2124
4.18642
4.30763
4.28142
4.24769
4.21122
4.18966
4.3119
4.27374
4.2418
4.20741
4.17693
4.22973
4.21118
4.19735
4.17288
4.16996
4.23849
4.21564
4.18233
4.1626
4.19623
4.2328
4.26394
4.23291
4.20202
4.22609
4.2653
4.23449
4.20365
4.17402
4.18875
4.22287
4.1979
4.17481
4.16345
4.17214
4.20253
4.18008
4.15242
4.12434
4.10106
4.13778
4.10732
4.1162
4.17786
4.17418
4.31117
4.30177
4.26246
4.22697
4.21444
4.25337
4.35994
4.32658
4.28814
4.25725
4.28717
4.25631
4.2287
4.19444
4.1731
4.21332
4.18419
4.16557
4.14673
4.1322
4.24628
4.2165
4.18408
4.14967
4.12428
4.18531
4.16843
4.14362
4.12247
4.10831
4.21255
4.21769
4.19221
4.1715
4.15598
4.18951
4.31991
4.2835
4.24889
4.22925
4.34308
4.31693
4.27784
4.2459
4.21228
4.33106
4.29037
4.25377
4.23144
4.20089
4.23502
4.20403
4.18256
4.15338
4.13388
4.17963
4.15155
4.12345
4.10126
4.08984
4.14746
4.12696
4.13593
4.12648
4.1038
4.14021
4.17715
4.15592
4.14842
4.14031
4.25181
4.22579
4.18864
4.16299
4.14196
4.2643
4.22577
4.1958
4.1716
4.15016
4.27687
4.2455
4.21765
4.18983
4.15728
4.2724
4.24227
4.20994
4.1826
4.15264
4.26991
4.23572
4.22623
4.19354
4.17447
4.33888
4.31029
4.27329
4.23968
4.2132
4.3559
4.31885
4.29096
4.25826
4.2249
4.32514
4.28812
4.26383
4.23107
4.20567
4.32179
4.28441
4.25018
4.20939
4.17208
4.28813
4.25212
4.232
4.20914
4.18385
4.30184
4.2634
4.23488
4.20713
4.18584
4.25503
4.2315
4.22232
4.26616
4.22685
4.26785
4.24193
4.21347
4.26178
4.23619
4.26816
4.30422
4.27584
4.24609
4.2151
4.25276
4.21855
4.19542
4.17585
4.15044
4.25963
4.23058
4.1997
4.18572
4.17034
4.28254
4.25733
4.22675
4.19584
4.16479
4.29124
4.26042
4.24036
4.20928
4.18794
4.33197
4.29784
4.26685
4.23133
4.20383
4.23975
4.36365
4.33298
4.29632
4.24885
4.35542
4.31739
4.27662
4.24313
4.2104
4.21682
4.24993
4.21918
4.19455
4.16646
4.21558
4.25898
4.23487
4.20513
4.17168
4.2867
4.25312
4.22785
4.2073
4.18449
4.30564
4.28201
4.25802
4.25192
4.22284
4.32671
4.29092
4.26795
4.2614
4.22456
4.36315
4.3266
4.29309
4.25524
4.23813
4.35613
4.31742
4.29059
4.24815
4.21491
4.32842
4.30513
4.26733
4.22685
4.18843
4.30207
4.27375
4.2492
4.21538
4.19603
4.22757
4.20786
4.1865
4.16242
4.13751
4.31998
4.30865
4.27034
4.23898
4.21854
4.35312
4.35394
4.31613
4.27117
4.25832
4.29124
4.25697
4.21447
4.1848
4.16863
4.28916
4.24633
4.21684
4.18817
4.1617
4.20455
4.24292
4.21696
4.18132
4.15139
4.15953
4.20051
4.17357
4.14768
4.12592
4.1346
4.18139
4.16528
4.21043
4.18957
4.19199
4.23338
4.27178
4.2402
4.21779
4.21425
4.24224
4.35115
4.30987
4.27877
4.27096
4.29548
4.26147
4.22385
4.19516
4.19914
4.23397
4.20857
4.17765
4.15617
4.16104
4.19596
4.18371
4.15897
4.13646
4.11032
4.16627
4.14638
4.12435
4.10328
4.08938
4.29075
4.25484
4.2168
4.18913
4.15361
4.20684
4.23665
4.21973
4.19246
4.17626
4.29204
4.25528
4.22606
4.19849
4.17328
4.29929
4.2818
4.24294
4.21965
4.19397
4.22235
4.19471
4.16723
4.14516
4.12771
4.17677
4.15869
4.13374
4.1071
4.09043
4.13197
4.12316
4.12252
4.18274
4.18474
4.24422
4.27298
4.23186
4.19992
4.1749
4.22131
4.19972
4.1749
4.16302
4.1339
4.27538
4.25332
4.21477
4.20691
4.17734
4.2898
4.26698
4.23944
4.21743
4.19879
4.32078
4.29317
4.2577
4.22863
4.19083
4.30246
4.26437
4.22597
4.19545
4.17723
4.33208
4.29985
4.30421
4.27532
4.25115
4.27719
4.3189
4.28806
4.25509
4.22801
4.19105
4.22305
4.19382
4.1657
4.14705
4.12517
4.10321
4.08274
4.27965
4.25312
4.30212
4.2596
4.23109
4.207
4.17624
4.21708
4.19253
4.16281
4.14609
4.1247
4.24409
4.21975
4.19124
4.21325
4.19478
4.23508
4.26338
4.22493
4.20016
4.17758
4.32448
4.28787
4.25536
4.21976
4.19284
4.3116
4.27243
4.23861
4.21677
4.18544
4.31187
4.27447
4.23655
4.20926
4.18096
4.29323
4.26197
4.22272
4.19736
4.16245
4.2835
4.24649
4.22898
4.19765
4.17151
4.33417
4.32455
4.35647
4.31073
4.28744
4.31698
4.33908
4.30433
4.27262
4.24704
4.28054
4.24874
4.21075
4.18412
4.16842
4.21796
4.19357
4.17076
4.1509
4.14373
4.25207
4.21947
4.19544
4.16766
4.14572
4.26608
4.23553
4.20336
4.16826
4.15657
4.27317
4.24829
4.23526
4.26826
4.22957
4.25523
4.28943
4.26736
4.23914
4.20938
4.25132
4.28834
4.2732
4.24763
4.21998
4.33336
4.29478
4.25507
4.22699
4.2058
4.31251
4.2821
4.24936
4.21571
4.18615
4.30494
4.26717
4.23162
4.19901
4.18216
4.30423
4.27234
4.23933
4.21005
4.19237
4.34574
4.33864
4.34743
4.30305
4.27097
4.30389
4.32438
4.28838
4.25655
4.21692
4.33102
4.30572
4.27467
4.25959
4.23611
4.23566
4.28393
4.25125
4.20984
4.18123
4.22619
4.25957
4.22607
4.19874
4.17454
4.21297
4.25038
4.21446
4.18255
4.15587
4.19042
4.22706
4.21428
4.26017
4.26301
4.29206
4.39668
4.34765
4.31252
4.27276
4.38185
4.3406
4.30361
4.27228
4.23152
4.27531
4.31343
4.28247
4.24233
4.21316
4.3255
4.28779
4.25172
4.21563
4.19794
4.31257
4.28542
4.25262
4.21197
4.17455
4.21344
4.18613
4.1542
4.15247
4.21299
4.29001
4.25831
4.23152
4.20283
4.21652
4.24543
4.26706
4.23731
4.21642
4.21516
4.24976
4.22048
4.20934
4.17952
4.18615
4.21956
4.18965
4.16297
4.13775
4.14337
4.19546
4.18202
4.15109
4.13156
4.14168
4.18686
4.15424
4.1308
4.1136
4.12411
4.16074
4.1455
4.19716
4.18155
4.18155
4.21617
4.26402
4.23134
4.20041
4.24064
4.37578
4.343
4.31502
4.28493
4.39528
4.35429
4.30901
4.26808
4.24427
4.34634
4.30615
4.26531
4.23836
4.20724
4.31734
4.29341
4.25215
4.21972
4.1944
4.23015
4.20368
4.17451
4.1539
4.13812
4.21573
4.19809
4.17109
4.15231
4.15408
4.19727
4.23957
4.20661
4.1798
4.20596
4.2349
4.26106
4.22452
4.20163
4.21145
4.2483
4.22085
4.1907
4.16708
4.17741
4.21585
4.19408
4.17279
4.1481
4.14862
4.18921
4.15526
4.12795
4.11697
4.14642
4.18304
4.15803
4.17461
4.16001
4.17347
4.21713
4.3323
4.30191
4.26043
4.37218
4.32569
4.29453
4.25214
4.22557
4.19769
4.40052
4.36403
4.32318
4.28762
4.40485
4.36088
4.31903
4.28024
4.25126
4.3639
4.31879
4.27444
4.24554
4.21172
4.32464
4.30216
4.27237
4.24246
4.22046
4.37881
4.34512
4.30321
4.2704
4.24307
4.37627
4.32854
4.28704
4.25483
4.23539
4.35234
4.30822
4.26515
4.23086
4.20226
4.24706
4.21475
4.17789
4.15414
4.1432
4.17938
4.15548
4.14115
4.12087
4.1123
4.23943
4.20729
4.18959
4.17287
4.1422
4.25899
4.23543
4.22843
4.21326
4.18018
4.21146
4.23416
4.2063
4.18563
4.16786
4.2893
4.2583
4.22447
4.19777
4.17315
4.30394
4.2754
4.23331
4.19656
4.17053
4.28647
4.24858
4.22021
4.18854
4.15966
4.28376
4.25838
4.22228
4.18842
4.16163
4.20193
4.17992
4.15722
4.1385
4.12655
4.2091
4.18239
4.15657
4.14125
4.17174
4.28363
4.25457
4.22939
4.19818
4.20189
4.25034
4.21289
4.19434
4.16935
4.17328
4.21522
4.18402
4.15663
4.12817
4.10874
4.16285
4.149
4.12712
4.11438
4.09964
4.13169
4.12054
4.10156
4.08155
4.0746
4.13471
4.14833
4.18577
4.16268
4.17535
4.21879
4.1966
4.20857
4.17846
4.3055
4.27144
4.24163
4.21049
4.17713
4.29431
4.25891
4.23368
4.19758
4.20144
4.24128
4.20979
4.18489
4.17194
4.17028
4.2131
4.18406
4.15399
4.12144
4.10708
4.15083
4.13613
4.1182
4.10329
4.14395
4.23081
4.20414
4.17612
4.1507
4.15895
4.19642
4.22912
4.19553
4.17636
4.16302
4.21694
4.2002
4.17948
4.15659
4.16891
4.19868
4.17377
4.14447
4.12224
4.15381
4.20173
4.17154
4.15708
4.1348
4.25697
4.22354
4.19886
4.1759
4.15168
4.27518
4.24749
4.26234
4.2369
4.21072
4.33147
4.28771
4.28549
4.2513
4.22982
4.37443
4.37669
4.33062
4.29917
4.26724
4.383
4.34217
4.29981
4.26218
4.22656
4.34235
4.30235
4.26408
4.2391
4.20664
4.23955
4.27019
4.23703
4.1983
4.17955
4.29557
4.26206
4.2272
4.20507
4.17825
4.32715
4.29378
4.26018
4.2327
4.19681
4.31143
4.3487
4.30807
4.26442
4.23634
4.42091
4.38775
4.35081
4.30835
4.2709
4.29254
4.26646
4.2297
4.20383
4.21023
4.25324
4.2279
4.20311
4.1754
4.1528
4.19994
4.17726
4.1536
4.13778
4.12487
4.1699
4.16497
4.21326
4.2095
4.22009
4.25116
4.37777
4.34047
4.29728
4.31561
4.42786
4.38607
4.33659
4.2962
4.29081
4.31748
4.27321
4.23607
4.21591
4.21387
4.26145
4.24572
4.22469
4.19625
4.19606
4.23248
4.20873
4.17317
4.14277
4.15457
4.21255
4.18174
4.15883
4.13555
4.16157
4.14491
4.12253
4.10569
4.09774
4.08731
4.15233
4.14809
4.12106
4.10436
4.10018
4.14522
4.17907
4.15511
4.13315
4.11981
4.15795
4.13704
4.11639
4.09593
4.09573
4.14505
4.12856
4.10384
4.09869
4.07731
4.12927
4.11649
4.10133
4.09345
4.07732
4.13869
4.12472
4.15009
4.14628
4.14658
4.20059
4.26308
4.23691
4.22077
4.21751
4.2555
4.33944
4.30931
4.26648
4.27135
4.29908
4.26126
4.22569
4.30934
4.3173
4.34739
4.30762
4.2693
4.25153
4.2303
4.26561
4.2296
4.19127
4.17499
4.15268
4.19729
4.17433
4.15941
4.13381
4.1757
4.26153
4.23717
4.20861
4.19026
4.23079
4.26414
4.28815
4.26668
4.2402
4.24483
4.27201
4.23323
4.20329
4.17559
4.17378
4.207
4.18554
4.16179
4.13567
4.1936
4.22334
4.19359
4.16683
4.14332
4.18692
4.23417
4.20324
4.1917
4.16918
4.28588
4.25361
4.26779
4.25225
4.22269
4.25331
4.28285
4.25474
4.23027
4.20367
4.3945
4.35171
4.32552
4.29574
4.25835
4.28084
4.23801
4.21479
4.18597
4.15559
4.19464
4.17368
4.15534
4.14293
4.15012
4.18976
4.15827
4.14098
4.12302
4.11411
4.17557
4.1639
4.15056
4.13003
4.1672
4.30093
4.26814
4.2402
4.20858
4.20039
4.32287
4.29301
4.26327
4.22932
4.19489
4.24812
4.22226
4.19864
4.17641
4.15116
4.20077
4.16816
4.14917
4.13259
4.11582
4.23918
4.20633
4.18448
4.15117
4.13213
4.18477
4.15357
4.13225
4.11256
4.1064
4.22931
4.22687
4.26489
4.23199
4.20652
4.24175
4.34964
4.31137
4.27275
4.24907
4.35826
4.32123
4.28538
4.24087
4.2442
4.27166
4.2416
4.22575
4.19982
4.18534
4.21675
4.19546
4.17118
4.14578
4.12625
4.16249
4.14351
4.1319
4.11999
4.13868
4.18954
4.16806
4.14826
4.13693
4.18567
4.30737
4.27719
4.23044
4.19672
4.21457
4.25686
4.30491
4.28158
4.24643
4.24868
4.27798
4.24278
4.21008
4.18579
4.19094
4.21974
4.19836
4.18423
4.15799
4.20053
4.23083
4.20424
4.18258
4.16343
4.19244
4.24339
4.21409
4.18933
4.16933
4.19987
4.22246
4.25139
4.21844
4.20906
4.25244
4.28437
4.3074
4.27417
4.2375
4.44123
4.3916
4.35159
4.30446
4.27755
4.38371
4.34576
4.29861
4.26668
4.23166
4.34051
4.30705
4.2714
4.23641
4.20173
4.31281
4.2873
4.24552
4.21726
4.1852
4.30525
4.28831
4.25092
4.21356
4.19139
4.22547
4.2396
4.23489
4.20871
4.21341
4.24071
4.26553
4.22994
4.20167
4.1826
4.21481
4.19337
4.17135
4.14333
4.13474
4.16779
4.14426
4.12295
4.10295
4.08275
4.21689
4.20396
4.16941
4.14008
4.1328
4.25798
4.22052
4.20537
4.16863
4.14088
4.25827
4.2283
4.21223
4.22816
4.20139
4.26765
4.23473
4.21005
4.18056
4.17743
4.21105
4.24891
4.22016
4.18993
4.19526
4.24016
4.20846
4.18314
4.15835
4.1668
4.20191
4.18292
4.15415
4.13077
4.13916
4.18583
4.15761
4.13446
4.12011
4.13799
4.17696
4.16175
4.14104
4.12468
4.12965
4.17704
4.23698
4.22958
4.20107
4.23419
4.25841
4.23546
4.20658
4.1822
4.29368
4.2729
4.23676
4.20568
4.18205
4.3039
4.27246
4.23454
4.20962
4.19301
4.30317
4.27706
4.24278
4.21374
4.18313
4.30635
4.26965
4.23076
4.20205
4.20184
4.25353
4.21952
4.18865
4.21356
4.24999
4.2922
4.32289
4.28648
4.25531
4.38241
4.34809
4.3042
4.27074
4.22419
4.33174
4.29124
4.256
4.22485
4.19889
4.41175
4.36393
4.31911
4.28533
4.2537
4.36557
4.32715
4.28994
4.26003
4.2238
4.33021
4.28826
4.25346
4.2239
4.20292
4.3506
4.38988
4.34169
4.29807
4.26885
4.29231
4.42362
4.38246
4.34046
4.29347
4.30589
4.27642
4.2371
4.20327
4.19805
4.2405
4.20082
4.17334
4.15612
4.14376
4.18863
4.16359
4.13566
4.1203
4.12695
4.17272
4.15517
4.1377
4.11065
4.14541
4.19569
4.17402
4.16412
4.22324
4.2186
4.32227
4.28234
4.25774
4.2288
4.37323
4.32322
4.28642
4.25348
4.22708
4.33706
4.30115
4.27125
4.2439
4.22422
4.34041
4.30238
4.25773
4.2271
4.19805
4.33329
4.2987
4.25893
4.23056
4.20119
4.2414
4.21048
4.1876
4.15835
4.14297
4.18517
4.25037
4.23147
4.2076
4.21344
4.24792
4.28578
4.2584
4.22308
4.2499
4.28389
4.24329
4.2122
4.1803
4.1878
4.22377
4.18741
4.16359
4.13923
4.17649
4.21775
4.19063
4.16067
4.14376
4.26688
4.23487
4.20849
4.183
4.16671
4.29378
4.26765
4.2411
4.22065
4.20036
4.34378
4.30889
4.27095
4.23543
4.202
4.34243
4.31124
4.26882
4.23065
4.19766
4.31017
4.27565
4.2413
4.20581
4.18281
4.21394
4.18078
4.15425
4.14863
4.15517
4.20187
4.18284
4.16011
4.14076
4.12129
4.18307
4.16559
4.15456
4.12622
4.12848
4.21678
4.20411
4.19327
4.15813
4.18592
4.22379
4.25821
4.25536
4.23489
4.24685
4.30713
4.27516
4.24381
4.21504
4.2214
4.25423
4.22796
4.19278
4.1749
4.17891
4.21435
4.19084
4.16729
4.14204
4.14933
4.19877
4.17087
4.15332
4.13899
4.1416
4.17154
4.14727
4.14089
4.15627
4.16416
4.20219
