9.34507
9.33728
9.29605
9.22246
9.21973
9.20596
9.132
9.12938
9.13287
9.06265
9.02389
9.01749
8.9562
8.94548
8.96269
9.05104
9.05996
9.24509
9.25043
9.23491
9.2142
9.13283
9.09643
9.09507
9.03588
9.00626
9.00659
8.95931
8.91513
9.03266
8.97793
8.92712
9.01888
8.96901
8.94212
9.05245
8.99281
8.93818
9.14492
9.16647
9.13003
9.12284
9.06928
9.03193
9.01857
8.96026
8.90542
9.01358
8.96282
8.9535
8.96787
8.91896
8.87553
8.9872
8.95878
9.04302
9.32343
9.26162
9.21714
9.19465
9.12667
9.10304
9.10835
9.04827
8.98661
9.0916
9.0297
8.96946
9.08684
9.0247
8.96954
9.06727
9.00635
8.98091
9.04775
8.99348
8.96702
9.22457
9.16333
9.10192
9.08797
9.03951
8.99002
9.18266
9.11556
9.07484
9.06463
9.00051
8.94258
9.18285
9.10954
9.0409
9.14019
9.09393
9.15099
9.23152
9.2435
9.16597
9.24786
9.16008
9.08805
9.18471
9.115
9.0511
9.1274
9.07214
9.02425
9.22579
9.14591
9.1095
9.09818
9.03653
9.00332
9.11946
9.07273
9.03941
9.14329
9.17308
9.12697
9.39167
9.30916
9.26655
9.23567
9.15819
9.12921
9.11388
9.04851
8.99211
9.0826
9.02983
8.97327
9.17171
9.11487
9.21415
9.50515
9.41827
9.37349
9.62899
9.52034
9.48135
9.44063
9.33688
9.29817
9.27583
9.19261
9.15522
9.12966
9.06537
9.04334
9.04391
8.98534
8.95971
8.97614
8.98561
8.92799
9.12307
9.05937
9.03724
9.04157
8.98417
8.92666
9.01968
8.96703
8.96028
8.97231
8.92344
8.87778
8.99253
8.94996
8.90956
9.01473
8.97339
9.02774
9.29883
9.22481
9.20167
9.4475
9.36533
9.3243
9.51024
9.41484
9.33013
9.4032
9.31918
9.23485
9.3301
9.23888
9.16217
9.25169
9.17489
9.09419
9.12037
9.07639
9.01476
9.27929
9.20339
9.12791
9.21391
9.1535
9.08238
9.16189
9.0911
9.03551
9.13732
9.06665
9.0064
9.0922
9.03201
9.02252
9.02184
8.97796
9.02058
9.14592
9.06929
9.03089
9.16428
9.11679
9.04865
9.12742
9.20017
9.12022
9.19777
9.12819
9.07521
9.16112
9.09083
9.04681
9.14009
9.06779
9.01031
9.1427
9.10473
9.0459
9.24281
9.33741
9.27938
9.25254
9.17634
9.09878
9.18159
9.11253
9.051
9.28719
9.22231
9.15
9.23383
9.16014
9.09313
9.31195
9.22722
9.25016
9.27748
9.34786
9.2622
9.30834
9.35916
9.27314
9.47476
9.38717
9.29173
9.38144
9.31588
9.22583
9.45182
9.35122
9.26667
9.37006
9.30604
9.22234
9.32288
9.39143
9.33621
9.33591
9.56362
9.4569
9.5477
9.45309
9.35031
9.45462
9.37678
9.2819
9.38581
9.29893
9.21278
9.19777
9.17115
9.09842
9.06019
9.04994
9.04789
9.03398
9.13207
9.06892
9.04125
9.04692
8.98848
8.97455
8.98438
8.94011
8.89168
8.98371
8.93144
8.88778
8.9901
8.93629
8.89657
9.01125
8.95764
8.90401
9.054
9.03088
9.00616
9.19201
9.12414
9.0517
9.13913
9.07143
9.01046
9.11014
9.04393
8.98855
9.09629
9.02898
8.97282
9.26367
9.18133
9.11345
9.39219
9.31557
9.33366
9.3854
9.3594
9.27302
9.46855
9.36074
9.30346
9.52664
9.42244
9.32293
9.45653
9.36007
9.26497
9.34011
9.25641
9.19707
9.26878
9.18178
9.11014
9.31991
9.30031
9.23472
9.47023
9.37918
9.3001
9.36454
9.27144
9.19289
9.33222
9.26509
9.18396
9.25508
9.17842
9.10913
9.19722
9.12612
9.05537
9.15294
9.09262
9.1651
9.36951
9.29063
9.23934
9.49436
9.39729
9.32018
9.38338
9.29969
9.21311
9.29241
9.21594
9.14836
9.23822
9.16141
9.09303
9.18744
9.11639
9.0462
9.25733
9.18485
9.16868
9.43529
9.33988
9.29042
9.24774
9.16665
9.09714
9.18542
9.11924
9.05647
9.15227
9.08224
9.02748
9.25408
9.18386
9.11415
9.34346
9.26461
9.30708
9.36629
9.36395
9.27143
9.42295
9.33224
9.24611
9.30985
9.22663
9.15757
9.2387
9.16823
9.11196
9.10131
9.03756
9.02837
9.02984
8.97209
8.92663
9.29458
9.21978
9.21505
9.2223
9.42472
9.35281
9.26966
9.4655
9.40154
9.36687
9.28336
9.20282
9.28088
9.2238
9.1628
9.23827
9.15653
9.08831
9.31329
9.25056
9.31199
9.54973
9.4564
9.35331
9.482
9.381
9.3187
9.28691
9.20423
9.12533
9.20669
9.13853
9.07189
9.16514
9.09583
9.03001
9.15258
9.09762
9.03266
9.29298
9.32614
9.24897
9.39285
9.30358
9.21209
9.28203
9.20404
9.1395
9.24375
9.16723
9.08934
9.18168
9.11239
9.04411
9.13092
9.0705
9.00968
9.12513
9.06856
9.00271
9.23198
9.15332
9.07949
9.22908
9.15325
9.08865
9.18264
9.10896
9.03977
9.13298
9.06069
9.01824
9.11072
9.0429
8.98912
9.08195
9.01629
8.96016
9.05346
8.99894
9.09359
9.33323
9.24604
9.18084
9.44726
9.3534
9.30728
9.53011
9.43044
9.33434
9.38994
9.30066
9.21435
9.44252
9.35493
9.27139
9.35814
9.26709
9.17595
9.44761
9.44261
9.36031
9.63996
9.52442
9.41206
9.58912
9.49507
9.40133
9.45147
9.35085
9.27117
9.34828
9.26532
9.17989
9.26623
9.20171
9.12955
9.21639
9.21593
9.16785
9.44176
9.35218
9.28476
9.25833
9.17708
9.10478
9.19177
9.12951
9.06105
9.1464
9.09013
9.06299
9.05028
8.99494
8.94209
9.0442
8.98397
8.93618
9.15508
9.09912
9.05112
9.23908
9.17021
9.14497
9.13383
9.06768
9.00879
9.10691
9.03817
8.97424
9.06572
9.00825
8.96428
9.0519
8.99714
8.94506
8.96804
8.96949
8.91938
9.21974
9.15626
9.09054
9.37821
9.28619
9.2024
9.19455
9.12189
9.05611
9.14068
9.07516
9.01924
9.12075
9.06159
8.9896
9.09211
9.03146
8.98006
9.12429
9.06217
9.06809
9.32523
9.25624
9.17065
9.25778
9.17962
9.10614
9.20077
9.13257
9.06376
9.15415
9.08537
9.01679
9.10719
9.04687
8.99002
9.0889
9.02016
9.10952
9.3787
9.28989
9.23026
9.48809
9.38876
9.32187
9.2784
9.20026
9.1242
9.22279
9.15553
9.08171
9.17684
9.11434
9.08822
9.09021
9.0333
8.97921
9.17328
9.1029
9.05093
9.22005
9.21587
9.16392
9.14565
9.07728
9.02417
9.11779
9.06131
9.00379
9.08768
9.02658
8.97911
9.07898
9.01603
8.96332
9.06215
9.01455
8.98187
9.15047
9.08087
9.0477
9.30948
9.23524
9.15883
9.23643
9.16861
9.09674
9.19679
9.1303
9.1166
9.0989
9.04663
8.98413
9.07982
9.01954
8.95618
9.05545
9.1221
9.11716
9.29631
9.21822
9.19645
9.16602
9.09236
9.03672
9.14417
9.0872
9.06567
9.13919
9.08152
9.02625
9.12201
9.05244
8.99792
9.0881
9.03207
9.00233
9.1989
9.12893
9.09873
9.36237
9.33583
9.31626
9.48368
9.48005
9.46121
9.58048
9.46622
9.4348
9.40014
9.29881
9.25873
9.23597
9.16502
9.1212
9.13002
9.20158
9.16411
9.17071
9.14127
9.1327
9.416
9.3256
9.28879
9.36612
9.28238
9.28516
9.2513
9.16789
9.16191
9.15708
9.07982
9.04568
9.0433
8.99399
9.05078
9.33988
9.25487
9.23868
9.3205
9.23876
9.34747
9.25999
9.18252
9.29542
9.21425
9.14671
9.1009
9.31211
9.22983
9.2117
9.13506
9.06536
9.12322
9.16188
9.13532
9.15257
9.39898
9.32024
9.30428
9.27517
9.20003
9.19157
9.17457
9.12115
9.12522
9.10958
9.05448
9.02435
9.03616
8.9798
8.94977
8.97082
8.93531
8.90705
9.1013
9.04475
9.01773
9.17824
9.11797
9.05382
9.15584
9.0963
9.03694
9.12622
9.07173
9.03212
9.03428
8.97975
8.9326
9.05292
8.9918
8.93708
9.04507
9.12668
9.12371
9.29309
9.22024
9.22346
9.22158
9.15199
9.11657
9.09835
9.04742
9.05065
9.04259
8.98655
8.96499
8.98439
8.92763
8.91965
8.93193
8.89192
8.89361
9.20384
9.13346
9.10133
9.25996
9.21969
9.17435
9.30288
9.2153
9.19273
9.1767
9.09773
9.03479
9.11352
9.05663
9.01788
9.10878
9.03766
8.98135
9.08795
9.15011
9.10673
9.36136
9.27452
9.21973
9.41695
9.31997
9.27572
9.24761
9.17255
9.1098
9.11266
9.047
8.98617
9.18929
9.12818
9.09841
9.08926
9.02349
9.00403
9.03232
9.11368
9.10241
9.27308
9.19376
9.14377
9.13011
9.06441
9.00213
9.09851
9.03748
8.98384
9.07172
9.01445
8.95291
9.06258
9.00135
8.94371
9.0391
8.97204
9.03265
9.3119
9.22734
9.17009
9.23146
9.15985
9.12204
9.2057
9.1341
9.07098
9.16902
9.09485
9.03246
9.12717
9.07002
9.01308
9.11272
9.03805
8.98614
9.10181
9.19315
9.13645
9.40406
9.34558
9.2908
9.26762
9.18919
9.159
9.14518
9.07385
9.01452
9.10778
9.04496
8.98094
9.075
9.02088
8.97724
9.07628
9.02204
8.97424
9.08495
9.15036
9.10356
9.37098
9.28595
9.24063
9.21696
9.13953
9.11006
9.106
9.04111
8.97788
9.09117
9.02297
8.97477
9.09068
9.02607
8.97211
9.16943
9.09568
9.12346
9.39417
9.39579
9.35938
9.60022
9.48121
9.41679
9.3928
9.30366
9.24355
9.22574
9.15643
9.13618
9.13835
9.08847
9.06559
9.06694
9.0093
8.95963
9.05233
8.99356
9.06632
9.2955
9.21116
9.12547
9.26318
9.18326
9.10751
9.17943
9.12128
9.05928
9.14021
9.07037
9.01305
9.10809
9.03988
8.97793
9.13381
9.08216
9.03118
9.27904
9.3015
9.22796
9.37438
9.28751
9.24728
9.40055
9.31143
9.22897
9.30072
9.21508
9.1447
9.23693
9.16184
9.09421
9.18145
9.1112
9.04957
9.13621
9.09031
9.13816
9.41692
8.96889
8.55859
8.21105
7.87208
7.5672
7.28708
7.04154
6.84021
6.9364
6.71947
6.52759
6.35611
6.2308
6.23614
6.09158
5.95838
5.84649
5.78411
5.67973
5.59648
5.62163
5.55611
5.52865
5.60992
5.54187
5.47964
5.42029
5.38986
5.64323
5.56692
5.50658
5.44973
5.41194
5.41832
5.36657
5.31066
5.26765
5.25644
5.26919
5.23256
5.19876
5.1649
5.17278
5.20161
5.1621
5.1295
5.10602
5.10552
5.14505
5.11668
5.08625
5.05786
5.06159
5.10039
5.08286
5.07041
5.07947
5.08887
5.23883
5.25875
5.21968
5.18245
5.18637
5.22475
5.18447
5.14593
5.11171
5.0999
5.22696
5.18887
5.15905
5.12116
5.09064
5.2055
5.16432
5.13797
5.10976
5.09786
5.13644
5.111
5.08456
5.05494
5.04033
5.17118
5.14819
5.11601
5.08101
5.05888
5.33427
5.35034
5.29243
5.25368
5.2372
5.26526
5.36703
5.3176
5.26474
5.27194
5.3773
5.33722
5.2913
5.24529
5.22803
5.25052
5.21124
5.18962
5.15815
5.16658
5.19943
5.16325
5.12615
5.10207
5.10008
5.14262
5.1119
5.08442
5.05482
5.0304
5.15399
5.12829
5.10255
5.10981
5.09895
5.23985
5.20203
5.15981
5.1305
5.10034
5.21024
5.1762
5.154
5.12623
5.10329
5.21593
5.19117
5.16706
5.13417
5.10963
5.22091
5.18825
5.15366
5.129
5.11661
5.23076
5.19663
5.15678
5.12444
5.10394
5.22802
5.18818
5.14817
5.11585
5.08548
5.21816
5.24866
5.20531
5.17381
5.1478
5.2775
5.25623
5.22069
5.18915
5.19259
5.21337
5.248
5.21163
5.17681
5.16931
5.19903
5.1652
5.13202
5.10397
5.07834
5.20088
5.16641
5.13124
5.1086
5.0808
5.2013
5.17148
5.13807
5.11999
5.08963
5.21158
5.17271
5.15132
5.13607
5.18751
5.45498
5.39403
5.33431
5.2802
5.26432
5.28943
5.33391
5.29423
5.24894
5.21003
5.22539
5.24775
5.20779
5.17659
5.17789
5.21294
5.17468
5.14135
5.10451
5.08727
5.21218
5.17902
5.1478
5.11306
5.0865
5.20826
5.17627
5.13651
5.11389
5.07889
5.12355
5.21156
5.19139
5.16779
5.14456
5.183
5.21347
5.17139
5.14801
5.12266
5.16795
5.14327
5.11159
5.07785
5.05864
5.24953
5.20872
5.17446
5.13911
5.1082
5.30659
5.26476
5.22434
5.18503
5.1496
5.25354
5.21171
5.17535
5.14109
5.10987
5.16479
5.19148
5.15503
5.12673
5.14835
5.17804
5.22486
5.19097
5.16051
5.12902
5.1666
5.19203
5.15023
5.12032
5.1017
5.1236
5.15928
5.12716
5.09967
5.0708
5.08265
5.12735
5.10476
5.0721
5.04147
5.02413
4.99565
5.19467
5.16486
5.1655
5.12347
5.09443
5.06144
5.04207
5.01711
5.23494
5.27934
5.24718
5.20103
5.19641
5.23464
5.18957
5.15874
5.18792
5.20025
5.23482
5.19649
5.16193
5.13533
5.12149
5.15045
5.12193
5.10371
5.0716
5.09052
5.13283
5.10656
5.0856
5.05114
5.06486
5.10793
5.07307
5.04192
5.01874
5.00192
5.13167
5.11799
5.09163
5.08411
5.11346
5.2493
5.21411
5.18247
5.15533
5.12633
5.15744
5.20268
5.16538
5.13014
5.09677
5.21666
5.18529
5.1454
5.10682
5.08294
5.21254
5.18544
5.15265
5.12407
5.09445
5.20168
5.17071
5.13882
5.12075
5.09721
5.211
5.17037
5.14087
5.1155
5.08491
5.22044
5.2395
5.19744
5.15544
5.12648
5.26529
5.26774
5.22621
5.18353
5.16453
5.27818
5.23653
5.20109
5.16877
5.14544
5.25523
5.21406
5.18009
5.14355
5.11406
5.22397
5.20804
5.16777
5.13148
5.10922
5.23287
5.19043
5.15869
5.12595
5.13163
5.16987
5.14173
5.11514
5.13613
5.15536
5.20588
5.16535
5.12463
5.09653
5.0736
5.20566
5.16095
5.13452
5.10153
5.07716
5.1924
5.1616
5.12815
5.10132
5.07609
5.1899
5.1614
5.12244
5.08642
5.06952
5.18499
5.16311
5.13557
5.1134
5.08751
5.20563
5.16987
5.14172
5.10718
5.08131
5.2567
5.28326
5.23928
5.2033
5.18108
5.2075
5.33919
5.29616
5.25192
5.21377
5.31593
5.26759
5.23288
5.19505
5.16343
5.28369
5.2372
5.19983
5.17316
5.13979
5.24323
5.20695
5.16835
5.12984
5.10182
5.20867
5.18382
5.15059
5.11966
5.12855
5.1654
5.13451
5.12024
5.13783
5.11739
5.15783
5.21742
5.18386
5.1501
5.15942
5.28685
5.25192
5.20519
5.16736
5.14244
5.26383
5.22669
5.19343
5.16047
5.13073
5.2388
5.20412
5.16273
5.12895
5.10186
5.22238
5.19419
5.15967
5.12252
5.09995
5.22192
5.18326
5.15107
5.11616
5.10977
5.16137
5.14053
5.12413
5.09771
5.11754
5.18187
5.15516
5.11824
5.09382
5.12469
5.15984
5.1892
5.15615
5.12325
5.14623
5.18398
5.15183
5.11978
5.08868
5.10248
5.1359
5.11005
5.08617
5.07379
5.08352
5.1137
5.09064
5.06262
5.03402
5.03633
5.07027
5.03632
5.04319
5.10349
5.0977
5.23353
5.22264
5.18158
5.14388
5.13021
5.1695
5.275
5.24188
5.20244
5.20403
5.22917
5.19341
5.16241
5.12534
5.10105
5.13899
5.10691
5.08624
5.06523
5.04963
5.16232
5.13158
5.09818
5.06287
5.03677
5.09589
5.0778
5.05237
5.03066
5.0494
5.15046
5.15212
5.12369
5.09927
5.10407
5.1332
5.26077
5.22128
5.18322
5.16034
5.27119
5.24257
5.20142
5.1676
5.13297
5.24934
5.20714
5.16929
5.14509
5.11448
5.14811
5.11617
5.09392
5.06399
5.07619
5.11926
5.0877
5.05631
5.0314
5.04945
5.10183
5.07653
5.08044
5.06742
5.05858
5.09051
5.12232
5.0971
5.08525
5.09902
5.23101
5.19749
5.15354
5.12192
5.09552
5.21379
5.17096
5.13699
5.10921
5.08432
5.20848
5.17467
5.14442
5.11452
5.08006
5.19218
5.16056
5.12679
5.09844
5.06734
5.18376
5.1485
5.13765
5.10388
5.0843
5.24942
5.21881
5.18133
5.14743
5.14754
5.28794
5.24804
5.21775
5.18276
5.14765
5.24614
5.20753
5.18053
5.14672
5.11945
5.23491
5.19596
5.16133
5.11974
5.08192
5.19744
5.16169
5.14103
5.11771
5.09146
5.20941
5.17073
5.14209
5.1141
5.09243
5.16193
5.13809
5.12849
5.1731
5.15103
5.19158
5.1638
5.13365
5.18108
5.1874
5.21525
5.24753
5.21567
5.18233
5.1735
5.20591
5.16668
5.13919
5.11568
5.08685
5.19291
5.16105
5.12778
5.11151
5.09369
5.20429
5.17743
5.14628
5.11215
5.08034
5.20595
5.17412
5.15313
5.12133
5.09927
5.26232
5.22574
5.19249
5.15487
5.12521
5.16086
5.28372
5.25156
5.21215
5.16547
5.27108
5.23235
5.1906
5.1559
5.12221
5.14783
5.17799
5.14421
5.11772
5.08784
5.13535
5.17751
5.15207
5.11977
5.08535
5.19954
5.16535
5.13938
5.11817
5.09454
5.21604
5.19112
5.16658
5.16077
5.13277
5.25726
5.21894
5.19348
5.18296
5.14446
5.28239
5.24445
5.20968
5.17028
5.1522
5.26854
5.22911
5.20165
5.1588
5.125
5.23836
5.21565
5.17814
5.13704
5.09832
5.2119
5.18364
5.15837
5.1235
5.10572
5.13724
5.11681
5.09501
5.07044
5.04547
5.22969
5.21668
5.17805
5.14675
5.12737
5.262
5.26232
5.22296
5.17761
5.16487
5.19794
5.16353
5.12169
5.09166
5.07527
5.19587
5.15353
5.12451
5.09559
5.06873
5.11139
5.15009
5.12374
5.08783
5.05781
5.06648
5.10812
5.08112
5.05468
5.03292
5.04122
5.08823
5.07195
5.11713
5.09592
5.09831
5.13997
5.17841
5.14654
5.1232
5.12006
5.14859
5.25739
5.2158
5.18469
5.17742
5.20192
5.16751
5.12966
5.1009
5.10484
5.13982
5.11518
5.08408
5.06203
5.06533
5.09988
5.08773
5.06327
5.04078
5.03992
5.09323
5.07176
5.04772
5.02471
5.00904
5.20909
5.17124
5.13203
5.10173
5.06546
5.11864
5.14801
5.1302
5.10241
5.08573
5.20117
5.16299
5.1333
5.10554
5.08008
5.20613
5.18701
5.14805
5.12432
5.13035
5.15582
5.1253
5.09507
5.07074
5.08364
5.12799
5.10333
5.0744
5.04413
5.0504
5.08648
5.07261
5.06766
5.12365
5.12249
5.17829
5.20477
5.161
5.12646
5.13153
5.17301
5.147
5.11791
5.10209
5.07008
5.209
5.18513
5.14393
5.13353
5.10164
5.21226
5.18771
5.15861
5.13632
5.11652
5.23727
5.20835
5.17183
5.14183
5.10319
5.21425
5.17628
5.13708
5.10448
5.08533
5.24046
5.20778
5.21233
5.18342
5.18505
5.20863
5.24789
5.21448
5.17979
5.14994
5.11125
5.14119
5.11056
5.08128
5.0616
5.03859
5.0156
4.99428
5.19813
5.20201
5.24563
5.19846
5.16643
5.13912
5.10567
5.14416
5.11701
5.08519
5.06695
5.044
5.16214
5.13631
5.10645
5.12772
5.10831
5.14921
5.19952
5.159
5.13124
5.10614
5.25095
5.21221
5.17779
5.14047
5.11262
5.22992
5.18946
5.15445
5.13209
5.09969
5.22542
5.18621
5.14778
5.11988
5.09124
5.20387
5.17192
5.13219
5.10641
5.07114
5.19272
5.15467
5.13691
5.10511
5.07873
5.24184
5.23196
5.26386
5.21772
5.21898
5.24592
5.26588
5.22886
5.19475
5.19956
5.22832
5.19223
5.15026
5.1202
5.13295
5.17593
5.1464
5.11928
5.09476
5.08376
5.18857
5.15284
5.12629
5.09595
5.07151
5.19
5.15753
5.12355
5.08678
5.07369
5.18963
5.16258
5.14991
5.18239
5.14219
5.16733
5.22401
5.19864
5.1676
5.13538
5.17554
5.21073
5.19319
5.16599
5.13703
5.24937
5.20955
5.16888
5.13981
5.11774
5.22382
5.19318
5.16006
5.12648
5.09637
5.21511
5.17662
5.14083
5.10783
5.09092
5.21305
5.18059
5.147
5.11747
5.10039
5.25369
5.25037
5.26292
5.22155
5.19345
5.22923
5.25188
5.21778
5.18752
5.14958
5.2659
5.24193
5.2119
5.19755
5.17489
5.19627
5.24312
5.2087
5.16619
5.13616
5.18144
5.21412
5.17867
5.1507
5.12572
5.1636
5.20029
5.16421
5.13173
5.10464
5.13894
5.17554
5.16191
5.20781
5.21152
5.2417
5.34604
5.2969
5.26052
5.221
5.32995
5.2885
5.25131
5.21984
5.17877
5.22266
5.26093
5.22861
5.18953
5.16038
5.27276
5.23477
5.19849
5.16221
5.14427
5.25936
5.23254
5.19959
5.15866
5.12103
5.16001
5.13266
5.09989
5.09945
5.16021
5.23722
5.20577
5.17875
5.14994
5.18472
5.21275
5.23247
5.2004
5.1776
5.19947
5.23108
5.1981
5.18402
5.15109
5.15518
5.1863
5.15453
5.12598
5.09889
5.10345
5.15455
5.13979
5.10786
5.08715
5.09635
5.1415
5.10779
5.08309
5.06524
5.09449
5.1283
5.11088
5.16077
5.1434
5.16808
5.19891
5.24346
5.20728
5.17362
5.21102
5.34421
5.30805
5.2781
5.24632
5.35549
5.31305
5.26652
5.22448
5.19959
5.30089
5.25986
5.21827
5.19064
5.15878
5.2689
5.24466
5.20227
5.16916
5.17489
5.20727
5.17803
5.14594
5.12264
5.13713
5.2101
5.18763
5.15614
5.13327
5.13177
5.17242
5.21202
5.17704
5.1478
5.17199
5.19911
5.22354
5.18539
5.16087
5.16943
5.20528
5.17668
5.1454
5.12107
5.13062
5.16917
5.14665
5.12411
5.0987
5.11966
5.15716
5.12067
5.0913
5.0786
5.10527
5.14078
5.11461
5.13052
5.11495
5.12765
5.17138
5.3056
5.27246
5.22841
5.33782
5.28937
5.25645
5.2125
5.18486
5.15567
5.41875
5.37511
5.32777
5.28651
5.39775
5.34852
5.30291
5.26044
5.22793
5.33777
5.28972
5.2429
5.21259
5.17607
5.2874
5.26306
5.23179
5.20051
5.17734
5.33663
5.30139
5.25843
5.2247
5.19643
5.32912
5.28075
5.23857
5.20606
5.18617
5.30266
5.25694
5.2132
5.17864
5.14985
5.19447
5.16204
5.12486
5.10071
5.12358
5.15536
5.12847
5.11129
5.08859
5.0776
5.20265
5.16862
5.14915
5.13089
5.09963
5.21585
5.19124
5.20476
5.18664
5.15071
5.18013
5.20069
5.17076
5.14809
5.12818
5.24841
5.21633
5.18143
5.15364
5.12815
5.25785
5.22893
5.18608
5.14847
5.12184
5.23767
5.19881
5.16991
5.13809
5.10913
5.2329
5.20716
5.17081
5.13672
5.13671
5.17379
5.14921
5.12419
5.10334
5.12259
5.20145
5.16992
5.13997
5.12189
5.14914
5.2841
5.24944
5.22021
5.1844
5.1841
5.22977
5.18881
5.16717
5.13941
5.14114
5.18114
5.14777
5.11863
5.08777
5.09917
5.14896
5.13122
5.10578
5.08957
5.10458
5.13156
5.11505
5.09119
5.06694
5.08838
5.14173
5.14865
5.18076
5.15296
5.18181
5.21957
5.21799
5.22243
5.18616
5.30668
5.26712
5.23213
5.19661
5.15935
5.27316
5.2345
5.20612
5.16796
5.16956
5.20729
5.17396
5.14725
5.13265
5.12852
5.17177
5.14148
5.11061
5.07701
5.09551
5.13523
5.11568
5.0942
5.07621
5.11439
5.19971
5.17075
5.14048
5.1131
5.11891
5.15463
5.18629
5.15155
5.1312
5.14866
5.19894
5.17842
5.15472
5.12884
5.1392
5.16738
5.13968
5.1082
5.08422
5.11433
5.1604
5.12872
5.11307
5.08993
5.21143
5.17697
5.15159
5.12785
5.10307
5.22574
5.19803
5.21306
5.18726
5.17376
5.2935
5.24919
5.24506
5.20939
5.18733
5.33159
5.33308
5.28538
5.25327
5.2211
5.3361
5.29481
5.25168
5.21335
5.17641
5.29203
5.25155
5.2124
5.1872
5.15454
5.18817
5.21831
5.18453
5.14549
5.12655
5.24271
5.20919
5.17403
5.15185
5.12571
5.27674
5.24306
5.20883
5.18212
5.14599
5.28243
5.31762
5.27463
5.22875
5.23018
5.48989
5.44446
5.39647
5.34441
5.3312
5.34289
5.30684
5.26049
5.22595
5.22466
5.26044
5.22882
5.19855
5.16582
5.17013
5.21046
5.18134
5.15169
5.13136
5.14689
5.18393
5.1723
5.21509
5.20577
5.21156
5.23871
5.36049
5.3194
5.27285
5.28868
5.39874
5.35529
5.30354
5.26128
5.25461
5.27971
5.23364
5.19527
5.17385
5.17086
5.21799
5.20144
5.17945
5.15015
5.15041
5.18643
5.16191
5.12564
5.09503
5.13141
5.18637
5.15259
5.12718
5.10168
5.1256
5.10675
5.08265
5.06429
5.05511
5.07878
5.13977
5.13154
5.10119
5.08137
5.10939
5.14873
5.17779
5.14855
5.12171
5.13669
5.17049
5.14216
5.11541
5.08935
5.11637
5.15833
5.13513
5.10412
5.09279
5.09294
5.13816
5.11995
5.09927
5.08618
5.09733
5.15078
5.1313
5.15063
5.14076
5.13623
5.18664
5.24554
5.21579
5.19638
5.19035
5.22666
5.30892
5.27642
5.23211
5.23513
5.2613
5.22076
5.18385
5.26674
5.27438
5.30305
5.2625
5.22346
5.20449
5.21627
5.24783
5.20822
5.16643
5.14719
5.15361
5.19295
5.16498
5.14558
5.11598
5.15379
5.23674
5.21028
5.17846
5.15836
5.19677
5.22881
5.25199
5.22875
5.20072
5.20471
5.23046
5.19027
5.15923
5.13048
5.12795
5.16099
5.13894
5.11425
5.08735
5.14536
5.17393
5.1436
5.11625
5.09223
5.13565
5.18346
5.15201
5.14007
5.11715
5.23395
5.20155
5.21553
5.19943
5.17046
5.20148
5.25475
5.22407
5.19728
5.16866
5.43432
5.38251
5.34878
5.31124
5.29352
5.30725
5.25644
5.22686
5.19217
5.18167
5.21308
5.1849
5.16005
5.14215
5.14507
5.18004
5.14433
5.12285
5.10148
5.12174
5.17726
5.16066
5.14121
5.11624
5.17235
5.30055
5.2624
5.22966
5.19351
5.2136
5.33019
5.29435
5.25906
5.22014
5.2075
5.25368
5.22188
5.19203
5.16433
5.16809
5.21083
5.17182
5.14696
5.12537
5.10354
5.22233
5.18563
5.16046
5.12383
5.13562
5.1826
5.14644
5.12065
5.09599
5.08631
5.20595
5.20042
5.23615
5.20061
5.19644
5.22809
5.33209
5.29019
5.24796
5.25293
5.37944
5.33506
5.29327
5.2429
5.24063
5.26362
5.22878
5.20866
5.17889
5.19553
5.22109
5.19409
5.16451
5.13425
5.14226
5.17176
5.14635
5.12906
5.11185
5.12646
5.17382
5.14845
5.12563
5.11097
5.15723
5.27721
5.24447
5.19657
5.16055
5.17786
5.21877
5.26573
5.2407
5.20447
5.20553
5.23443
5.198
5.16427
5.13911
5.14365
5.1714
5.15008
5.13622
5.10933
5.15178
5.18173
5.15528
5.13271
5.11319
5.14266
5.19321
5.16273
5.13756
5.11715
5.1465
5.16953
5.21899
5.1838
5.17269
5.21529
5.2459
5.2676
5.23294
5.19567
5.44777
5.39208
5.34685
5.29466
5.26396
5.36548
5.32398
5.27361
5.23859
5.20099
5.30756
5.27201
5.23448
5.19863
5.16224
5.27205
5.24539
5.20232
5.17299
5.13956
5.25919
5.24131
5.20314
5.16495
5.17543
5.20577
5.2164
5.20925
5.18026
5.18243
5.20812
5.23124
5.19364
5.16341
5.17596
5.20405
5.17867
5.15257
5.12115
5.14271
5.16976
5.14096
5.11541
5.09067
5.0663
5.19669
5.18054
5.14295
5.11074
5.10223
5.22511
5.18555
5.16827
5.12948
5.10017
5.21645
5.18508
5.16731
5.18233
5.18553
5.24835
5.21198
5.18419
5.15175
5.17835
5.20696
5.24022
5.20691
5.17275
5.17484
5.21654
5.18148
5.15277
5.12585
5.13221
5.16571
5.14509
5.11451
5.08994
5.09724
5.14272
5.11322
5.0891
5.07388
5.091
5.12945
5.11347
5.09217
5.07512
5.10068
5.14785
5.20615
5.1964
5.16561
5.19771
5.21967
5.195
5.16475
5.13913
5.24953
5.2279
5.191
5.15871
5.13432
5.25557
5.22353
5.18512
5.1597
5.1425
5.25253
5.22595
5.19139
5.16212
5.13145
5.25487
5.21793
5.17862
5.14959
5.14948
5.20125
5.1668
5.13609
5.16103
5.19792
5.24031
5.27086
5.23427
5.20335
5.32965
5.29518
5.25122
5.21768
5.17125
5.27892
5.23791
5.20263
5.171
5.1438
5.40577
5.35332
5.30412
5.2666
5.23146
5.34059
5.29841
5.25891
5.22656
5.18822
5.29289
5.24928
5.213
5.18177
5.16023
5.30791
5.34728
5.29827
5.25361
5.24715
5.26821
5.39798
5.354
5.30942
5.28656
5.2939
5.26011
5.21692
5.1793
5.20285
5.23959
5.19443
5.1622
5.14066
5.15765
5.19573
5.16481
5.13246
5.11197
5.114
5.15595
5.1347
5.11376
5.08352
5.11577
5.1643
5.1402
5.1283
5.18749
5.18212
5.28302
5.24166
5.21578
5.1855
5.3292
5.27821
5.24045
5.20673
5.17962
5.28916
5.25266
5.22219
5.19468
5.17437
5.29055
5.25159
5.20668
5.17568
5.14639
5.28162
5.24661
5.20629
5.17869
5.18229
5.21979
5.18562
5.15983
5.12785
5.14332
5.18373
5.24407
5.2203
5.19203
5.19445
5.2261
5.26136
5.23101
5.19306
5.21738
5.24986
5.20749
5.17458
5.14106
5.14713
5.18231
5.14492
5.12017
5.09477
5.13109
5.17152
5.14477
5.11399
5.09646
5.21978
5.18705
5.16003
5.13451
5.11749
5.24408
5.21734
5.19063
5.16983
5.1495
5.29374
5.25849
5.22063
5.18555
5.15177
5.29237
5.26082
5.21808
5.17952
5.14629
5.25833
5.22412
5.18954
5.15388
5.13069
5.16204
5.12868
5.10204
5.09553
5.10219
5.14963
5.13024
5.10718
5.08776
5.09895
5.15901
5.13876
5.12503
5.09426
5.09433
5.18188
5.16896
5.1566
5.11955
5.14622
5.18331
5.21592
5.21191
5.19046
5.20128
5.25971
5.2269
5.19487
5.16517
5.17113
5.20382
5.17713
5.14207
5.12409
5.1278
5.16304
5.13916
5.11533
5.08998
5.09666
5.14619
5.11795
5.10009
5.08549
5.1131
5.14073
5.11408
5.10523
5.11941
5.14793
5.18241
