0.374633
0.374613
0.374585
0.374499
0.374323
0.374225
0.374092
0.373957
0.37386
0.374816
0.374743
0.374667
0.374618
0.37449
0.37436
0.374322
0.374218
0.37407
0.37408
0.374016
0.374948
0.374771
0.374692
0.374602
0.374425
0.374349
0.374258
0.374263
0.374302
0.374251
0.374112
0.375021
0.37494
0.374924
0.374779
0.374575
0.374436
0.37432
0.374261
0.37415
0.374009
0.374009
0.374407
0.374326
0.374231
0.374091
0.37409
0.374086
0.373951
0.373983
0.374015
0.374086
0.374024
0.374919
0.374906
0.374791
0.374643
0.374661
0.374468
0.374356
0.374319
0.374234
0.374097
0.373961
0.374859
0.374756
0.374637
0.374463
0.374466
0.374437
0.374984
0.374759
0.37464
0.374504
0.374327
0.375192
0.375017
0.374789
0.374657
0.374519
0.374447
0.374317
0.374249
0.374299
0.374143
0.374069
0.37496
0.374843
0.374815
0.374745
0.374652
0.374611
0.374536
0.374497
0.374439
0.374281
0.374248
0.375102
0.374933
0.374819
0.374639
0.374625
0.374481
0.374393
0.374381
0.374335
0.374379
0.374401
0.375265
0.375063
0.374862
0.374803
0.374776
0.374601
0.374488
0.374313
0.374324
0.374262
0.374183
0.375062
0.374989
0.374796
0.3746
0.374493
0.374436
0.374343
0.374182
0.374085
0.374024
0.3741
0.375113
0.374881
0.374731
0.374531
0.374371
0.374335
0.37431
0.374175
0.374092
0.373991
0.374039
0.374932
0.374751
0.374732
0.374737
0.374656
0.37462
0.37463
0.374556
0.374454
0.374327
0.374168
0.375238
0.374994
0.374771
0.374577
0.374524
0.374512
0.374379
0.374292
0.374197
0.374188
0.374248
0.375114
0.374905
0.374804
0.374597
0.374577
0.374435
0.374386
0.374292
0.374242
0.374091
0.374032
0.374927
0.374913
0.374823
0.3748
0.374648
0.374623
0.374518
0.374339
0.374317
0.374159
0.374221
0.3751
0.374988
0.374817
0.374728
0.374589
0.374586
0.374401
0.374235
0.37429
0.374266
0.374218
0.375094
0.37498
0.3748
0.374594
0.37444
0.374311
0.374317
0.374325
0.374249
0.374124
0.374091
0.374985
0.374761
0.374558
0.374411
0.37425
0.374131
0.373994
0.373964
0.373976
0.374057
0.373925
0.374929
0.374835
0.374625
0.374596
0.374419
0.37429
0.374176
0.374077
0.373965
0.373996
0.37387
0.374809
0.374691
0.374515
0.374379
0.37425
0.374127
0.394724
0.392682
0.390825
0.389048
0.387471
0.387041
0.38569
0.384449
0.383352
0.382392
0.381539
0.380707
0.379922
0.379223
0.378776
0.378322
0.378804
0.378264
0.377711
0.377255
0.376909
0.376652
0.376311
0.375954
0.37577
0.375511
0.375285
0.376332
0.375973
0.375713
0.375466
0.375206
0.375033
0.374918
0.374732
0.374654
0.37451
0.401162
0.399295
0.396639
0.394249
0.392165
0.390363
0.388638
0.387151
0.385888
0.384634
0.383521
0.382487
0.382581
0.381664
0.380963
0.380281
0.379526
0.379033
0.378522
0.378081
0.37761
0.377254
0.377007
0.377594
0.377195
0.376781
0.376392
0.376129
0.447854
0.440419
0.433769
0.427666
0.422173
0.417411
0.41399
0.410028
0.406299
0.429976
0.424252
0.419129
0.41449
0.410334
0.406779
0.403423
0.400389
0.398638
0.396253
0.393997
0.391897
0.39
0.388289
0.386872
0.385589
0.384467
0.383352
0.38229
0.407735
0.404264
0.401194
0.398415
0.395854
0.420118
0.415399
0.411187
0.407428
0.404094
0.401044
0.399247
0.396596
0.39421
0.392197
0.390395
0.388674
0.387214
0.385802
0.384498
0.383373
0.38238
0.38244
0.381527
0.380648
0.379917
0.379228
0.378582
0.377997
0.377551
0.37707
0.376656
0.376321
0.378216
0.377712
0.377407
0.376956
0.376569
0.376198
0.376012
0.375806
0.375666
0.375577
0.375325
0.37609
0.37586
0.375548
0.40126
0.39859
0.396027
0.393698
0.391602
0.389715
0.388021
0.386659
0.38629
0.38514
0.384046
0.382967
0.382046
0.381115
0.403624
0.400651
0.397978
0.395562
0.39328
0.392864
0.390854
0.389052
0.387433
0.385963
0.384698
0.38363
0.382713
0.381757
0.380865
0.380052
0.380331
0.379703
0.379035
0.378405
0.377861
0.377367
0.376936
0.376664
0.376396
0.376042
0.375856
0.376533
0.376332
0.37612
0.375781
0.375483
0.375224
0.374995
0.374769
0.374582
0.374445
0.374377
0.375365
0.375146
0.374905
0.37482
0.374714
0.374631
0.374442
0.374313
0.374187
0.374112
0.374007
0.374904
0.374789
0.37461
0.374454
0.374324
0.374175
0.374088
0.374139
0.374123
0.373985
0.373985
0.374884
0.374669
0.442876
0.435945
0.429685
0.424073
0.418968
0.414374
0.410328
0.406582
0.403367
0.401328
0.398469
0.395969
0.393703
0.391853
0.389941
0.388253
0.386823
0.385414
0.384146
0.383005
0.382845
0.381953
0.381031
0.380336
0.379576
0.378898
0.378301
0.404369
0.401231
0.398382
0.395817
0.394546
0.392435
0.390603
0.388947
0.387329
0.38595
0.38468
0.383655
0.382592
0.381658
0.380769
0.380977
0.380242
0.37962
0.37896
0.37845
0.377878
0.377498
0.377029
0.37666
0.376335
0.376093
0.376743
0.376467
0.396469
0.39415
0.392079
0.413495
0.409448
0.405841
0.402533
0.399662
0.397008
0.395605
0.393321
0.391288
0.389462
0.387821
0.386319
0.385092
0.384026
0.382935
0.381941
0.381037
0.381231
0.380435
0.379675
0.379016
0.378414
0.377968
0.377499
0.377023
0.407663
0.404292
0.401191
0.399369
0.396738
0.39445
0.39359
0.391537
0.389762
0.38806
0.386601
0.385214
0.383967
0.382888
0.382894
0.382029
0.381141
0.3803
0.379544
0.378863
0.378311
0.377754
0.377351
0.37689
0.376548
0.377043
0.376613
0.376263
0.375987
0.375749
0.375447
0.375176
0.374961
0.374796
0.374667
0.374512
0.375359
0.375212
0.374964
0.374882
0.374789
0.374571
0.374416
0.37429
0.374256
0.374152
0.374068
0.374997
0.40111
0.398273
0.395786
0.393593
0.391508
0.389691
0.388156
0.386652
0.385261
0.384133
0.384001
0.382955
0.381933
0.381013
0.41335
0.409446
0.405771
0.40249
0.399556
0.396894
0.394619
0.41797
0.413558
0.409537
0.405857
0.402673
0.399708
0.397039
0.394615
0.392517
0.390542
0.388762
0.388132
0.386592
0.385395
0.384136
0.382996
0.38197
0.381251
0.380406
0.379639
0.378971
0.37846
0.378927
0.378308
0.37778
0.377275
0.376863
0.376498
0.376144
0.375804
0.375519
0.375257
0.37503
0.375844
0.375693
0.375545
0.375334
0.375279
0.375073
0.374986
0.374761
0.406725
0.403333
0.400273
0.398531
0.39597
0.39381
0.391703
0.389899
0.388183
0.386676
0.385282
0.384079
0.383057
0.382034
0.382119
0.38118
0.380336
0.379592
0.378906
0.410158
0.406416
0.403134
0.400213
0.397475
0.395135
0.393948
0.391856
0.389992
0.388289
0.386903
0.385544
0.385041
0.38381
0.382703
0.381712
0.380885
0.381232
0.38052
0.379921
0.379231
0.378591
0.378018
0.377551
0.409031
0.405402
0.402247
0.399427
0.397772
0.395269
0.393057
0.39106
0.389282
0.387672
0.408092
0.404601
0.40146
0.398587
0.396028
0.394723
0.392543
0.390697
0.389016
0.419862
0.415216
0.411035
0.407205
0.403903
0.432283
0.426329
0.421379
0.416553
0.412171
0.408353
0.404791
0.401617
0.398784
0.396208
0.394033
0.392019
0.390116
0.389258
0.387766
0.386343
0.38488
0.383694
0.382678
0.381684
0.380809
0.380011
0.379283
0.378677
0.379052
0.378421
0.377852
0.377353
0.376959
0.376549
0.376222
0.375874
0.37556
0.375284
0.375068
0.375903
0.375628
0.375384
0.375148
0.374951
0.374835
0.374645
0.37462
0.408019
0.40531
0.402229
0.40029
0.397593
0.420822
0.416158
0.411943
0.408023
0.404532
0.401378
0.398575
0.396081
0.393759
0.392681
0.390734
0.389062
0.387491
0.38614
0.384819
0.383777
0.382804
0.381932
0.381012
0.411826
0.409053
0.405584
0.402328
0.399491
0.396966
0.394552
0.392527
0.390587
0.388901
0.387358
0.385976
0.385711
0.384413
0.383249
0.382214
0.381266
0.38056
0.379912
0.379255
0.378655
0.378203
0.377804
0.37827
0.377717
0.377372
0.377011
0.376583
0.37625
0.376023
0.375742
0.375442
0.37529
0.375076
0.406928
0.403647
0.400556
0.397774
0.395308
0.393051
0.39116
0.389369
0.387706
0.420542
0.415771
0.432971
0.427124
0.448088
0.440706
0.433948
0.427827
0.422481
0.417561
0.413117
0.409207
0.405688
0.403416
0.400329
0.39764
0.395195
0.392965
0.390974
0.389307
0.387698
0.386323
0.384977
0.383881
0.383791
0.382685
0.381716
0.380818
0.380176
0.411435
0.407565
0.404095
0.401132
0.398497
0.396068
0.394762
0.41367
0.409647
0.433194
0.427161
0.421828
0.416934
0.412515
0.440015
0.43331
0.427252
0.422821
0.417893
0.447512
0.440034
0.433432
0.427363
0.422054
0.417151
0.413228
0.409185
0.405582
0.403321
0.400301
0.397717
0.395219
0.393041
0.391167
0.389324
0.387701
0.38623
0.384893
0.383678
0.383607
0.382581
0.381597
0.38071
0.379916
0.397473
0.395051
0.392842
0.390966
0.389245
0.387594
0.387132
0.385744
0.384571
0.383388
0.382479
0.381505
0.380775
0.379971
0.410265
0.407277
0.403954
0.40185
0.398939
0.427474
0.42208
0.417264
0.412865
0.408907
0.430471
0.424828
0.420806
0.415999
0.412697
0.408733
0.405175
0.40204
0.399177
0.396737
0.394449
0.392332
0.390408
0.388682
0.387209
0.386827
0.385441
0.38426
0.383191
0.382289
0.381455
0.380606
0.380008
0.379434
0.411113
0.407938
0.405432
0.402297
0.399488
0.396813
0.394495
0.392341
0.390483
0.389118
0.38756
0.386237
0.384887
0.384696
0.383596
0.382545
0.381609
0.380738
0.380107
0.379505
0.378879
0.378412
0.377883
0.377368
0.37758
0.377211
0.376885
0.37647
0.376199
0.37601
0.375813
0.375547
0.375266
0.375013
0.374792
0.402183
0.399283
0.396673
0.394404
0.392314
0.390395
0.388629
0.387046
0.385621
0.384336
0.38331
0.383891
0.382776
0.381772
0.380875
0.380064
0.379469
0.37892
0.378433
0.377918
0.377524
0.377046
0.377517
0.377065
0.376664
0.376409
0.376041
0.375746
0.375496
0.37522
0.375007
0.37478
0.3747
0.375528
0.375389
0.375329
0.375098
0.374862
0.37465
0.374509
0.374946
0.374828
0.374619
0.374504
0.375351
0.375144
0.374903
0.374735
0.374535
0.374358
0.374199
0.374197
0.374099
0.373962
0.373853
0.374893
0.374677
0.374486
0.374311
0.374183
0.374063
0.373972
0.373839
0.373742
0.373721
0.373686
0.374587
0.374478
0.374314
0.374169
0.374166
0.374023
0.373936
0.373816
0.373913
0.373968
0.373845
0.374758
0.374597
0.374603
0.374407
0.374237
0.374103
0.405764
0.402525
0.399547
0.396917
0.394499
0.393298
0.391569
0.38973
0.388143
0.386621
0.385351
0.384138
0.383007
0.382044
0.381126
0.406911
0.404655
0.401527
0.398654
0.396063
0.427727
0.422384
0.41742
0.413079
0.409058
0.438718
0.432299
0.449895
0.442179
0.435235
0.428995
0.423369
0.418305
0.413739
0.410442
0.406703
0.403457
0.400446
0.398571
0.395974
0.426214
0.421061
0.41627
0.411891
0.407976
0.404433
0.401263
0.39841
0.395843
0.394556
0.392387
0.390604
0.388843
0.413498
0.409543
0.405863
0.402716
0.400438
0.397697
0.395236
0.421008
0.416303
0.411946
0.408051
0.404535
0.401368
0.399142
0.396603
0.394217
0.392107
0.390301
0.390759
0.38911
0.387575
0.386095
0.384759
0.384318
0.383294
0.382222
0.382298
0.38123
0.380492
0.380741
0.37994
0.37922
0.404786
0.40209
0.39917
0.396575
0.394252
0.411444
0.407778
0.404469
0.402198
0.399252
0.416671
0.412373
0.40841
0.404865
0.401626
0.424244
0.419298
0.414642
0.410451
0.407701
0.436793
0.430592
0.424935
0.419715
0.415049
0.443442
0.43639
0.430025
0.424296
0.419156
0.414821
0.410769
0.406998
0.403725
0.400735
0.398019
0.39558
0.393308
0.391286
0.389431
0.388354
0.387832
0.386364
0.385001
0.383784
0.382679
0.381704
0.380811
0.380003
0.379292
0.380099
0.379392
0.379136
0.378496
0.378326
0.377793
0.377255
0.376832
0.376422
0.376054
0.375738
0.375447
0.375186
0.375965
0.409844
0.406171
0.402949
0.399973
0.39722
0.42554
0.442173
0.435284
0.429016
0.423388
0.444156
0.43719
0.430726
0.424927
0.420185
0.441449
0.434776
0.428553
0.422965
0.417942
0.413431
0.41037
0.406721
0.403323
0.400411
0.39766
0.395151
0.39291
0.390899
0.389083
0.387496
0.41162
0.408893
0.405277
0.402027
0.399565
0.397087
0.394856
0.392737
0.39074
0.388965
0.387394
0.385928
0.385633
0.384343
0.383182
0.382138
0.381322
0.380451
0.379756
0.379064
0.378575
0.377991
0.377578
0.378242
0.377692
0.377401
0.376931
0.376512
0.376208
0.407841
0.404353
0.401166
0.398425
0.395978
0.420687
0.415943
0.411639
0.407729
0.404121
0.427024
0.422104
0.417276
0.412848
0.409832
0.431898
0.426971
0.421541
0.416673
0.412279
0.432696
0.426767
0.421364
0.416511
0.412137
0.442354
0.435549
0.429811
0.424104
0.419092
0.414495
0.410524
0.406745
0.403344
0.401054
0.42573
0.420491
0.415716
0.412442
0.408676
0.405242
0.429585
0.4239
0.418921
0.414303
0.435359
0.429711
0.424033
0.418925
0.41533
0.412111
0.408241
0.404716
0.40154
0.398634
0.427788
0.422366
0.417445
0.412996
0.40897
0.406371
0.403033
0.400003
0.397299
0.394843
0.392686
0.390711
0.388913
0.387295
0.385839
0.384574
0.412341
0.435596
0.429352
0.423629
0.418623
0.414207
0.410223
0.406475
0.403101
0.431072
0.425386
0.421113
0.416275
0.411921
0.440022
0.433498
0.427422
0.421934
0.41703
0.438252
0.431793
0.425891
0.421599
0.41671
0.412927
0.409036
0.405428
0.402159
0.399092
0.396626
0.394326
0.392212
0.390345
0.389438
0.387813
0.386443
0.385277
0.384035
0.382938
0.408141
0.404649
0.401458
0.398585
0.39601
0.394268
0.392275
0.390321
0.388563
0.38698
0.385716
0.384622
0.383315
0.38228
0.381303
0.38053
0.380825
0.379901
0.379185
0.37854
0.378087
0.377536
0.377056
0.376519
0.37614
0.400949
0.398127
0.396456
0.394061
0.392524
0.391438
0.389721
0.387997
0.386477
0.416556
0.412347
0.408386
0.404798
0.402421
0.399452
0.396896
0.39448
0.392946
0.390925
0.389135
0.387495
0.386019
0.384694
0.383498
0.383279
0.382244
0.381277
0.380398
0.379628
0.378939
0.378319
0.37776
0.404215
0.401061
0.398827
0.397392
0.394913
0.392677
0.390631
0.420525
0.415768
0.411427
0.407577
0.404093
0.400957
0.398135
0.396456
0.394084
0.391949
0.421589
0.416877
0.41246
0.408478
0.404903
0.428407
0.42298
0.417956
0.414448
0.410149
0.431422
0.425582
0.420282
0.415527
0.411251
0.439589
0.433089
0.427505
0.422028
0.418017
0.413566
0.410097
0.406371
0.403007
0.39998
0.422312
0.417489
0.413048
0.40903
0.405388
0.422235
0.417464
0.413007
0.408878
0.405263
0.402756
0.399937
0.397226
0.394761
0.392399
0.391053
0.390245
0.388351
0.386783
0.385378
0.384114
0.382976
0.381952
0.38103
0.407849
0.426024
0.420695
0.416744
0.412977
0.408924
0.405305
0.402596
0.399789
0.397083
0.42111
0.416701
0.41216
0.408196
0.405469
0.402167
0.399297
0.396625
0.394111
0.391974
0.390018
0.388296
0.38674
0.38534
0.384079
0.383943
0.38298
0.38193
0.381001
0.380174
0.379283
0.378798
0.378173
0.377607
0.377087
0.376857
0.378061
0.377506
0.377029
0.37659
0.376214
0.376359
0.376093
0.375616
0.375328
0.375069
0.374961
0.375714
0.375359
0.37509
0.409252
0.405642
0.402351
0.39939
0.396702
0.42564
0.420349
0.415585
0.41225
0.40826
0.4385
0.432039
0.425984
0.42063
0.415793
0.44518
0.438095
0.431547
0.425678
0.422432
0.417872
0.413496
0.410156
0.406414
0.403005
0.400691
0.397992
0.395463
0.393171
0.391128
0.389887
0.388185
0.38664
0.385237
0.383987
0.382916
0.381943
0.381022
0.380155
0.379436
0.378855
0.379267
0.378467
0.377727
0.377059
0.376649
0.376238
0.375895
0.37547
0.375196
0.375146
0.374789
0.375477
0.375203
0.401375
0.399238
0.39677
0.394245
0.392094
0.421976
0.417244
0.412787
0.40874
0.40601
0.434222
0.428169
0.422568
0.417566
0.413038
0.440752
0.434008
0.42783
0.42232
0.41733
0.448086
0.440603
0.433768
0.427549
0.421966
0.417078
0.412695
0.40868
0.405876
0.402546
0.400163
0.399017
0.396584
0.394196
0.39205
0.390596
0.388928
0.387309
0.385852
0.384527
0.383364
0.382199
0.382139
0.381167
0.380324
0.37969
0.378994
0.378324
0.377765
0.377236
0.376962
0.376495
0.376033
0.376596
0.376255
0.375903
0.375586
0.375195
0.374809
0.374601
0.374514
0.374336
0.374173
0.374029
0.375394
0.375541
0.37608
0.375746
0.3754
0.375322
0.375038
0.374693
0.374497
0.374321
0.374162
0.374839
0.374625
0.374427
0.374059
0.37401
0.373883
0.373727
0.373621
0.399536
0.396993
0.394552
0.393209
0.391132
0.390362
0.38874
0.387139
0.386109
0.384762
0.383607
0.382546
0.381555
0.380561
0.380777
0.380178
0.379568
0.37885
0.37812
0.377581
0.377097
0.376632
0.376214
0.376378
0.377396
0.377964
0.377441
0.376954
0.376533
0.376153
0.37577
0.375415
0.375122
0.374745
0.374599
0.374413
0.375246
0.374976
0.374743
0.375105
0.374833
0.374479
0.374151
0.405696
0.403015
0.400032
0.397257
0.39574
0.425122
0.419909
0.415051
0.410784
0.406976
0.435383
0.429588
0.423916
0.418785
0.414126
0.41087
0.407118
0.403535
0.400404
0.397602
0.420306
0.415738
0.411396
0.40753
0.404022
0.401024
0.399079
0.396441
0.394852
0.39256
0.391605
0.389731
0.387884
0.386296
0.38494
0.383761
0.382658
0.382649
0.381536
0.412838
0.408828
0.405161
0.401803
0.398785
0.429239
0.423762
0.418553
0.414
0.410898
0.407091
0.403662
0.40057
0.397732
0.395082
0.392847
0.390836
0.388978
0.38737
0.385907
0.386842
0.38531
0.384053
0.382895
0.406971
0.403752
0.401079
0.398245
0.395662
0.425187
0.41999
0.416093
0.411694
0.407798
0.431552
0.425671
0.420301
0.415406
0.410935
0.407275
0.403846
0.400732
0.398752
0.395971
0.394086
0.391977
0.390052
0.388343
0.386632
0.516202
0.501824
0.488851
0.47724
0.467778
0.458683
0.450271
0.442518
0.435507
0.430254
0.424525
0.419237
0.414587
0.410344
0.407057
0.404639
0.401417
0.398491
0.395893
0.3936
0.391411
0.389483
0.387671
0.386328
0.384991
0.383724
0.383428
0.382231
0.381281
0.380363
0.3796
0.378914
0.406078
0.403208
0.40011
0.397372
0.394947
0.394774
0.392583
0.390563
0.388771
0.418659
0.414178
0.410012
0.406246
0.402792
0.399969
0.397291
0.395763
0.393348
0.391236
0.38954
0.387994
0.386442
0.384992
0.383766
0.382692
0.381696
0.380781
0.380937
0.380001
0.379294
0.378638
0.377968
0.377835
0.378672
0.379148
0.379614
0.378983
0.378224
0.378699
0.378513
0.377769
0.377208
0.376713
0.376725
0.376764
0.376214
0.375866
0.375486
0.376469
0.377231
0.376756
0.376284
0.375929
0.375619
0.375302
0.374905
0.374678
0.374894
0.374678
0.374337
0.375015
0.374669
0.37492
0.374708
0.374469
0.374238
0.374069
0.373936
0.37364
0.37338
0.373178
0.37442
0.374312
0.374043
0.373797
0.37354
0.373575
0.373523
0.373432
0.373167
0.373047
0.373026
0.374497
0.374283
0.373936
0.373742
0.374051
0.373805
0.373554
0.373405
0.373383
0.373344
0.373126
0.374041
0.373757
0.373808
0.373701
0.373534
0.373448
0.373204
0.373157
0.373512
0.37338
0.373111
0.374318
0.373974
0.373713
0.37389
0.373727
0.374802
0.374624
0.374282
0.373948
0.373801
0.373695
0.374418
0.374221
0.374044
0.37502
0.374792
0.374474
0.374288
0.373969
0.373705
0.374427
0.374277
0.375039
0.374715
0.375049
0.375253
0.375001
0.374774
0.374401
0.374311
0.374106
0.373767
0.373574
0.374476
0.374302
0.374046
0.373784
0.373545
0.373506
0.373429
0.373263
0.373175
0.373122
0.373205
0.373977
0.373744
0.373445
0.373397
0.373311
0.373071
0.373159
0.373117
0.373665
0.373572
0.373399
0.374174
0.373992
0.373844
0.373544
0.373319
0.373123
0.373085
0.373155
0.372979
0.372753
0.372719
0.373745
0.373644
0.373435
0.373192
0.373099
0.373062
0.372886
0.372724
0.372523
0.373572
0.373488
0.374232
0.373903
0.373719
0.374229
0.374509
0.374254
0.374087
0.373907
0.373796
0.37369
0.373444
0.374599
0.375405
0.375115
0.374692
0.374314
0.373964
0.373819
0.373525
0.373414
0.373142
0.374285
0.375135
0.3747
0.374318
0.373977
0.373853
0.373757
0.373598
0.373307
0.373138
0.373091
0.372928
0.374201
0.373879
0.374174
0.374075
0.373884
0.37374
0.37364
0.448916
0.441227
0.434244
0.428032
0.42337
0.418306
0.413676
0.409377
0.405556
0.402293
0.399171
0.396425
0.393995
0.391892
0.389976
0.389219
0.388012
0.386411
0.385043
0.383745
0.382472
0.381383
0.380464
0.381467
0.38045
0.379531
0.379716
0.379011
0.378998
0.378225
0.377657
0.377165
0.376735
0.376162
0.375803
0.375292
0.374947
0.375625
0.375179
0.374733
0.374409
0.374248
0.374097
0.373906
0.373703
0.373475
0.373382
0.37316
0.373924
0.373633
0.373485
0.373209
0.372982
0.440337
0.433558
0.427316
0.421669
0.416657
0.412143
0.409063
0.405431
0.401972
0.398966
0.396202
0.393855
0.391606
0.389565
0.387876
0.386352
0.384885
0.384525
0.383333
0.382104
0.381167
0.38017
0.379408
0.378628
0.377934
0.377231
0.376638
0.376216
0.376732
0.376332
0.375787
0.375344
0.374991
0.374733
0.375557
0.375131
0.374844
0.37462
0.374432
0.375081
0.374642
0.374387
0.374242
0.375189
0.374886
0.37462
0.374249
0.374098
0.373779
0.373486
0.37423
0.374081
0.373949
0.373694
0.373435
0.373176
0.373154
0.372962
0.37294
0.372714
0.37256
0.372824
0.372738
0.372616
0.372424
0.372464
0.372514
0.372517
0.372382
0.372417
0.372414
0.372408
0.373423
0.373175
0.37308
0.373023
0.372921
0.372698
0.372698
0.372648
0.372564
0.37244
0.372396
0.373387
0.373155
0.372995
0.372902
0.372873
0.372827
0.372747
0.372609
0.373649
0.373557
0.373456
0.373589
0.37343
0.373364
0.373288
0.373038
0.372988
0.372787
0.37292
0.372748
0.372542
0.37235
0.373317
0.373258
0.373001
0.372824
0.372713
0.372716
0.372548
0.372413
0.372241
0.372249
0.372297
0.37316
0.373118
0.373489
0.373532
0.373453
0.373176
0.372937
0.372879
0.37273
0.372606
0.372545
0.373348
0.373236
0.373035
0.372951
0.372843
0.372832
0.372797
0.372663
0.372475
0.37246
0.37243
0.373302
0.373057
0.372852
0.37284
0.372676
0.372477
0.372442
0.372481
0.372507
0.37253
0.372346
0.372596
0.372581
0.372597
0.372406
0.372256
0.372288
0.372327
0.372179
0.37203
0.371896
0.371858
0.372771
0.372563
0.372385
0.372439
0.372261
0.372094
0.37197
0.37195
0.372029
0.371936
0.371946
0.372844
0.372824
0.372815
0.372657
0.372351
0.372281
0.372301
0.372325
0.372155
0.372053
0.372041
0.37293
0.372754
0.372547
0.372432
0.372257
0.372145
0.372127
0.372118
0.372154
0.371995
0.371848
0.372599
0.372613
0.372456
0.372279
0.37212
0.372181
0.372176
0.37213
0.37197
0.371841
0.371931
0.372639
0.372443
0.372268
0.372315
0.372357
0.372203
0.37208
0.371941
0.371934
0.371937
0.371812
0.372612
0.372618
0.372425
0.372363
0.372177
0.372057
0.372044
0.371909
0.37179
0.371677
0.371782
0.372553
0.372373
0.372204
0.372107
0.372653
0.372598
0.372407
0.372414
0.372446
0.372338
0.372176
0.373016
0.372959
0.372735
0.372534
0.372224
0.372071
0.372137
0.371986
0.371856
0.371739
0.371849
0.372757
0.372534
0.372352
0.372285
0.372154
0.372011
0.371891
0.371787
0.371882
0.371756
0.371518
0.372459
0.372487
0.372467
0.372276
0.372095
0.371999
0.372047
0.372058
0.371883
0.371763
0.372408
0.37325
0.373001
0.372769
0.372868
0.372644
0.372448
0.37216
0.372218
0.372734
0.372529
0.372326
0.373042
0.372848
0.372498
0.372317
0.372141
0.372053
0.371917
0.371836
0.372812
0.372804
0.372775
0.37359
0.3733
0.37309
0.372866
0.372648
0.372318
0.37218
0.372143
0.372001
0.371882
0.371763
0.372743
0.37256
0.372347
0.372066
0.373157
0.373483
0.373165
0.373487
0.373146
0.372981
0.372742
0.373506
0.373192
0.392785
0.390575
0.388529
0.386735
0.384945
0.383702
0.382429
0.381197
0.380127
0.380207
0.379313
0.378425
0.37761
0.376905
0.376433
0.375811
0.375251
0.374615
0.375029
0.374646
0.375069
0.374609
0.374217
0.373864
0.373517
0.373235
0.37298
0.37308
0.372793
0.37273
0.372526
0.373529
0.373261
0.373004
0.373566
0.373348
0.373082
0.372721
0.373766
0.373493
0.373318
0.373027
0.374396
0.373968
0.373678
0.373225
0.373586
0.373683
0.373701
0.373367
0.373115
0.372866
0.39149
0.390418
0.3884
0.386558
0.38509
0.383659
0.38225
0.380966
0.380069
0.379243
0.378528
0.377744
0.378063
0.377434
0.376759
0.376053
0.375389
0.395984
0.393439
0.391055
0.388967
0.414582
0.410193
0.407116
0.403348
0.400031
0.39727
0.394611
0.392101
0.389876
0.387957
0.386106
0.384605
0.383214
0.383395
0.383276
0.381969
0.38078
0.379902
0.379362
0.378475
0.377696
0.397271
0.394619
0.392226
0.390933
0.388908
0.387122
0.38535
0.383711
0.409129
0.405285
0.401758
0.398587
0.395797
0.413561
0.410298
0.407284
0.403442
0.40066
0.397717
0.415548
0.411216
0.407157
0.403718
0.400415
0.397378
0.39557
0.393152
0.390906
0.38881
0.386928
0.410776
0.406841
0.403225
0.399812
0.396899
0.394304
0.392761
0.390941
0.388794
0.387131
0.385403
0.383849
0.382341
0.3813
0.380085
0.379136
0.378272
0.379786
0.378933
0.378106
0.377857
0.377159
0.376662
0.376043
0.375302
0.405625
0.402131
0.398984
0.396973
0.394182
0.391864
0.390099
0.388772
0.386759
0.385152
0.383705
0.382317
0.380949
0.37991
0.379801
0.378752
0.378221
0.377576
0.376884
0.402892
0.399633
0.428035
0.559135
0.540406
0.523757
0.541769
0.524661
0.509231
0.49595
0.48328
0.472187
0.461871
0.452717
0.444338
0.462573
0.453442
0.446175
0.439317
0.432518
0.426364
0.420729
0.415674
0.411175
0.407127
0.403483
0.400037
0.39708
0.417576
0.412788
0.408562
0.404717
0.501884
0.488761
0.476749
0.465945
0.456461
0.447861
0.439952
0.433844
0.448582
0.440779
0.433598
0.427102
0.42146
0.416383
0.411782
0.407595
0.403905
0.400583
0.398419
0.39562
0.419335
0.41447
0.409993
0.405877
0.40239
0.421316
0.416179
0.411461
0.407383
0.432341
0.426189
0.420552
0.435438
0.532502
0.516221
0.501614
0.488454
0.477132
0.466436
0.457271
0.449432
0.441567
0.434431
0.428028
0.42216
0.417169
0.412524
0.408184
0.404281
0.400973
0.397935
0.396042
0.393375
0.423027
0.44209
0.434812
0.428237
0.448757
0.44095
0.433767
0.427402
0.421692
0.417616
0.412718
0.408441
0.404544
0.401159
0.397939
0.395041
0.392468
0.390329
0.388249
0.386308
0.385069
0.403298
0.400043
0.396945
0.394287
0.39193
0.390904
0.41542
0.410879
0.406863
0.493172
0.481948
0.470655
0.460864
0.480723
0.498772
0.485826
0.507509
0.521001
0.505839
0.492193
0.479885
0.46999
0.45988
0.450804
0.44277
0.435565
0.428978
0.42298
0.41768
0.544872
0.527434
0.511622
0.498348
0.510494
0.496523
0.48378
0.472762
0.462561
0.453373
0.445054
0.437591
0.430901
0.42488
0.420075
0.414932
0.410446
0.406442
0.402662
0.399259
0.396245
0.393997
0.391666
0.389363
0.387371
0.38657
0.384927
0.383337
0.381899
0.411626
0.40743
0.403557
0.400194
0.421288
0.548452
0.530653
0.515524
0.522954
0.50813
0.494185
0.48163
0.470341
0.486795
0.475184
0.46453
0.454941
0.44648
0.439909
0.43282
0.426402
0.454786
0.446264
0.438531
0.431542
0.425805
0.420297
0.415173
0.410522
0.439512
0.432629
0.426435
0.420659
0.415486
0.436411
0.429685
0.423709
0.41831
0.413462
0.409008
0.405996
0.402308
0.399146
0.396095
0.39335
0.390879
0.388799
0.386966
0.385133
0.383484
0.382204
0.382032
0.380693
0.379487
0.398524
0.395635
0.392807
0.390371
0.388387
0.387782
0.385973
0.384214
0.383684
0.474657
0.464061
0.454471
0.445888
0.438256
0.431294
0.425029
0.419361
0.414472
0.410039
0.406718
0.402917
0.399511
0.396431
0.393668
0.39129
0.389214
0.387143
0.385159
0.383497
0.382914
0.382981
0.381604
0.380308
0.399752
0.396776
0.393962
0.39143
0.389314
0.387247
0.385392
0.383666
0.383187
0.381733
0.38041
0.379057
0.378176
0.37712
0.376384
0.375475
0.374868
0.374236
0.37366
0.374032
0.373493
0.373087
0.372643
0.372402
0.372333
0.371858
0.371537
0.371333
0.372005
0.371668
0.372389
0.371906
0.371579
0.371279
0.371015
0.370643
0.370443
0.370227
0.369992
0.369741
0.369631
0.37047
0.370236
0.369974
0.37033
0.370142
0.369851
0.369579
0.369617
0.369605
0.369467
0.36941
0.371176
0.371127
0.371039
0.37076
0.370548
0.370431
0.370252
0.370027
0.400611
0.397488
0.394545
0.39327
0.390778
0.388718
0.386576
0.384737
0.383157
0.381775
0.380459
0.379206
0.378073
0.377168
0.377301
0.376319
0.375571
0.375022
0.401008
0.397716
0.394636
0.392456
0.390132
0.387874
0.38595
0.385243
0.383397
0.381762
0.380334
0.379325
0.378189
0.377081
0.376237
0.375477
0.374627
0.373983
0.374246
0.373698
0.373074
0.372509
0.372032
0.371693
0.371941
0.371477
0.371116
0.371954
0.37167
0.371694
0.371183
0.370929
0.370639
0.370331
0.370059
0.370048
0.369872
0.36964
0.369364
0.36941
0.370162
0.369869
0.369737
0.370465
0.370078
0.369886
0.369595
0.3695
0.369388
0.369172
0.369529
0.370752
0.370541
0.370197
0.370147
0.370284
0.369973
0.369692
0.40215
0.398799
0.395578
0.392686
0.391059
0.388939
0.386704
0.384859
0.383205
0.381742
0.380285
0.37906
0.377944
0.377014
0.376074
0.376127
0.375305
0.374607
0.396061
0.393313
0.40944
0.40536
0.401688
0.398259
0.395092
0.392447
0.390885
0.388456
0.386324
0.384901
0.383358
0.381733
0.380321
0.379051
0.377805
0.376767
0.375762
0.376074
0.375187
0.374327
0.405394
0.401715
0.39826
0.395074
0.39284
0.39042
0.388038
0.385896
0.406711
0.403195
0.39974
0.396435
0.393508
0.391469
0.388982
0.386743
0.384728
0.383119
0.38152
0.380946
0.380051
0.378907
0.377708
0.376663
0.3758
0.375084
0.374235
0.373583
0.372884
0.372341
0.372787
0.372244
0.398959
0.395927
0.393064
0.390417
0.387999
0.386034
0.384068
0.38232
0.380744
0.380647
0.379239
0.377974
0.376807
0.375958
0.375022
0.374179
0.373385
0.372773
0.372155
0.371496
0.371825
0.371474
0.371018
0.370515
0.370078
0.369796
0.369463
0.369166
0.368909
0.369148
0.370326
0.370976
0.370509
0.370255
0.369997
0.369657
0.369245
0.369104
0.368808
0.368587
0.36833
0.368204
0.369006
0.368748
0.368568
0.368415
0.36813
0.367925
0.367658
0.367743
0.367663
0.367735
0.391647
0.389551
0.38746
0.385482
0.383583
0.381938
0.380401
0.378901
0.37808
0.376931
0.375852
0.37476
0.374807
0.374063
0.373271
0.372603
0.372002
0.371493
0.370855
0.370413
0.369986
0.369669
0.369275
0.369964
0.369633
0.369972
0.369762
0.369407
0.369535
0.3694
0.369161
0.368744
0.368452
0.368285
0.369134
0.368742
0.368517
0.368485
0.368148
0.367951
0.367713
0.36761
0.367374
0.367251
0.367028
0.368009
0.367861
0.367535
0.367588
0.367597
0.367644
0.367644
0.367539
0.368468
0.36829
0.368063
0.369058
0.368812
0.36843
0.368083
0.36794
0.367693
0.367398
0.367288
0.367337
0.367262
0.367039
0.36797
0.367931
0.367685
0.367487
0.367192
0.367132
0.36704
0.366797
0.366722
0.366565
0.366612
0.367557
0.367266
0.367198
0.367183
0.366995
0.36677
0.366787
0.366697
0.366498
0.366494
0.366504
0.367332
0.367201
0.367015
0.368006
0.367679
0.367442
0.367661
0.367727
0.367425
0.367297
0.367086
0.367455
0.367353
0.367127
0.367483
0.367563
0.367431
0.367245
0.367611
0.367509
0.367213
0.367058
0.367952
0.367835
0.367541
0.367306
0.367244
0.367236
0.367012
0.366772
0.366754
0.366747
0.366527
0.367349
0.367651
0.367545
0.367363
0.3672
0.366934
0.3669
0.366802
0.366714
0.366631
0.36673
0.36749
0.367215
0.366948
0.366771
0.366699
0.366644
0.366536
0.366542
0.366383
0.366315
0.366342
0.367391
0.367113
0.366856
0.367265
0.367198
0.366932
0.366693
0.366683
0.366674
0.366624
0.366464
0.36832
0.388423
0.38606
0.383928
0.382585
0.380985
0.379341
0.377881
0.376752
0.375598
0.374522
0.374548
0.373733
0.372814
0.372106
0.371362
0.370885
0.370293
0.369743
0.369224
0.36896
0.368557
0.36918
0.368716
0.368401
0.36822
0.36799
0.367646
0.367588
0.367338
0.367059
0.36682
0.366781
0.367451
0.36716
0.367922
0.367789
0.367465
0.367173
0.367118
0.366956
0.366712
0.366495
0.36639
0.367434
0.367145
0.366885
0.366856
0.366631
0.366464
0.366281
0.366287
0.366269
0.36609
0.365891
0.366847
0.366617
0.36641
0.366377
0.366242
0.366056
0.365905
0.366837
0.366653
0.36642
0.366232
0.367193
0.367133
0.366871
0.366529
0.366535
0.36641
0.366255
0.366059
0.36591
0.36698
0.366752
0.367463
0.367744
0.367965
0.367725
0.367381
0.367123
0.366865
0.366633
0.36644
0.366455
0.3662
0.366927
0.366708
0.366501
0.366267
0.366092
0.366103
0.366075
0.365922
0.365784
0.365817
0.36584
0.366703
0.366487
0.366318
0.366678
0.366359
0.366037
0.366041
0.365847
0.365556
0.365446
0.365355
0.366151
0.365917
0.365751
0.365643
0.365427
0.365288
0.365258
0.365334
0.365111
0.364942
0.364931
0.366326
0.366087
0.36577
0.366332
0.366268
0.366029
0.36588
0.365779
0.365655
0.365512
0.365294
0.366271
0.366041
0.365827
0.365699
0.36558
0.365339
0.365212
0.365055
0.36518
0.365017
0.364868
0.365654
0.365617
0.365468
0.365331
0.365361
0.365279
0.365513
0.365349
0.365268
0.365362
0.365133
0.365897
0.365762
0.365502
0.365406
0.365154
0.365093
0.364849
0.364614
0.364981
0.36504
0.364859
0.36518
0.365113
0.365043
0.364804
0.364708
0.364692
0.364658
0.36448
0.364451
0.364588
0.364453
0.365281
0.365198
0.3652
0.365016
0.364792
0.364768
0.364745
0.364703
0.364508
0.364614
0.364543
0.365176
0.36495
0.364781
0.364758
0.364531
0.364392
0.364382
0.364187
0.364018
0.363872
0.363782
0.364649
0.364475
0.364482
0.36445
0.364443
0.364252
0.364252
0.364076
0.363931
0.363813
0.363858
0.364745
0.364524
0.364305
0.364217
0.364045
0.364043
0.364007
0.364013
0.363861
0.363725
0.363704
0.364607
0.364387
0.364198
0.364027
0.363874
0.363736
0.363612
0.363674
0.363761
0.363791
0.363633
0.364693
0.364579
0.364256
0.364032
0.363904
0.363757
0.363589
0.363617
0.363675
0.363451
0.363324
0.364287
0.364275
0.364071
0.363878
0.363827
0.363678
0.363559
0.363635
0.363691
0.36345
0.363345
0.36518
0.365101
0.364824
0.364466
0.364311
0.36421
0.363936
0.363757
0.363659
0.363425
0.363332
0.364179
0.364091
0.363884
0.363694
0.363369
0.363282
0.363178
0.363049
0.362993
0.36295
0.362844
0.363628
0.363592
0.432513
0.425393
0.419103
0.413484
0.408385
0.403687
0.399568
0.39597
0.392478
0.390338
0.387579
0.385071
0.382794
0.380716
0.37893
0.377405
0.375773
0.374413
0.373222
0.371947
0.372023
0.370968
0.370146
0.369343
0.368565
0.369187
0.368518
0.367846
0.367106
0.366776
0.366348
0.366836
0.366348
0.365963
0.365616
0.36516
0.364948
0.364703
0.364277
0.363894
0.488257
0.475476
0.465013
0.455069
0.445952
0.437402
0.429761
0.422948
0.416845
0.411385
0.406352
0.401963
0.397959
0.395228
0.391789
0.38886
0.386092
0.383534
0.381369
0.379456
0.377639
0.37599
0.374641
0.373426
0.37305
0.371809
0.370868
0.369948
0.369078
0.368365
0.367775
0.367042
0.366418
0.366026
0.365641
0.366146
0.365585
0.489881
0.47698
0.465448
0.455073
0.445924
0.437482
0.429779
0.42346
0.417251
0.412595
0.40738
0.40278
0.398547
0.394737
0.391513
0.388566
0.385793
0.383258
0.413448
0.408327
0.404569
0.428829
0.422196
0.416143
0.410573
0.406063
0.401706
0.39759
0.393879
0.390738
0.387914
0.386191
0.383626
0.381513
0.379429
0.377525
0.375836
0.374365
0.372871
0.371801
0.37128
0.370402
0.370398
0.369375
0.368671
0.368031
0.367273
0.393752
0.390514
0.388739
0.38591
0.408554
0.403846
0.40038
0.396361
0.392936
0.389547
0.386637
0.383871
0.381618
0.379501
0.377532
0.400809
0.39683
0.394162
0.39079
0.387913
0.385301
0.382848
0.380643
0.378662
0.37684
0.376254
0.375134
0.373749
0.373331
0.371991
0.371451
0.370239
0.369113
0.395261
0.39193
0.388657
0.385836
0.3833
0.380967
0.379936
0.402563
0.399164
0.395219
0.392104
0.389767
0.387033
0.384375
0.381777
0.379657
0.377868
0.377726
0.402622
0.398548
0.395266
0.391618
0.388629
0.385811
0.383153
0.38078
0.378747
0.376917
0.376096
0.400467
0.396587
0.392989
0.389671
0.38688
0.384656
0.38219
0.379965
0.378026
0.37621
0.375457
0.373946
0.372596
0.371263
0.370114
0.500687
0.48658
0.473839
0.488714
0.47575
0.464053
0.454512
0.445106
0.436749
0.428984
0.422131
0.441562
0.433422
0.426112
0.450726
0.441798
0.433592
0.426937
0.420275
0.414206
0.408635
0.403666
0.399344
0.395285
0.391622
0.415369
0.409877
0.404886
0.401261
0.39718
0.393324
0.389883
0.412335
0.43386
0.426538
0.419836
0.414012
0.408451
0.403558
0.427554
0.420844
0.41466
0.409117
0.536231
0.518499
0.502512
0.488251
0.475355
0.463781
0.453243
0.469631
0.459132
0.449177
0.440131
0.432185
0.424986
0.418366
0.506974
0.49245
0.479144
0.467274
0.457542
0.447657
0.438731
0.430877
0.424804
0.418176
0.412272
0.407704
0.402774
0.398333
0.394682
0.392078
0.38871
0.417423
0.412135
0.406762
0.401926
0.397791
0.394508
0.390906
0.387665
0.410905
0.40681
0.40186
0.397649
0.414872
0.409251
0.404268
0.399886
0.395706
0.391978
0.3887
0.385667
0.383894
0.381293
0.379142
0.377087
0.375218
0.373594
0.372174
0.370796
0.393313
0.389928
0.386893
0.385094
0.409643
0.429418
0.422323
0.416097
0.410833
0.405577
0.400888
0.527126
0.510253
0.495036
0.514755
0.499122
0.484928
0.472132
0.460758
0.450484
0.441276
0.465881
0.455194
0.44562
0.436882
0.429955
0.553257
0.533599
0.516242
0.500592
0.486373
0.473531
0.462178
0.451666
0.44231
0.461875
0.452551
0.443018
0.434402
0.553724
0.534124
0.516542
0.500718
0.486528
0.473715
0.462149
0.476484
0.465732
0.454912
0.445261
0.568114
0.547143
0.528192
0.537596
0.519715
0.503424
0.489024
0.475981
0.465112
0.45438
0.444811
0.436007
0.428131
0.421164
0.414836
0.409017
0.403926
0.399467
0.39552
0.392627
0.51698
0.501017
0.486755
0.473974
0.462465
0.452029
0.442548
0.434181
0.426533
0.419719
0.415431
0.409721
0.40457
0.399953
0.395852
0.392027
0.38852
0.385499
0.382811
0.380348
0.378313
0.472702
0.461301
0.45095
0.441695
0.433365
0.425671
0.418991
0.412932
0.407329
0.402263
0.397877
0.394748
0.391053
0.388978
0.38592
0.383139
0.38046
0.37821
0.376078
0.374278
0.372569
0.371155
0.370677
0.369449
0.368706
0.36763
0.367117
0.366252
0.365262
0.364371
0.364183
0.363403
0.363863
0.363592
0.363073
0.362449
0.361839
0.361889
0.361335
0.360859
0.360613
0.360379
0.359996
0.359666
0.360759
0.36019
0.359749
0.35987
0.359339
0.358941
0.358698
0.358464
0.358025
0.357589
0.357261
0.357784
0.357353
0.357458
0.356995
0.356678
0.356476
0.356495
0.356475
0.35677
0.357275
0.358063
0.358932
0.358667
0.358436
0.358794
0.358569
0.358347
0.358148
0.357968
0.357557
0.371004
0.370368
0.369786
0.368324
0.367527
0.366243
0.365049
0.364064
0.363123
0.362209
0.361444
0.36073
0.360088
0.360367
0.359703
0.359163
0.35862
0.358182
0.357762
0.357365
0.356902
0.356655
0.356215
0.355819
0.356586
0.356307
0.355959
0.355698
0.355558
0.355276
0.354974
0.354907
0.37637
0.374119
0.372035
0.371244
0.369486
0.367981
0.366549
0.365248
0.363948
0.363006
0.361947
0.360981
0.360611
0.35983
0.360126
0.359505
0.358921
0.358258
0.357795
0.35742
0.356901
0.356641
0.356404
0.356101
0.355717
0.356606
0.356363
0.355991
0.355758
0.355613
0.355165
0.354874
0.354673
0.354438
0.354239
0.354216
0.354987
0.354589
0.355383
0.355166
0.354875
0.354613
0.354474
0.354268
0.354067
0.354375
0.354342
0.355158
0.355018
0.354793
0.354405
0.354152
0.353988
0.353798
0.353635
0.354025
0.353829
0.353671
0.354586
0.354388
0.35414
0.353897
0.353733
0.353534
0.353406
0.35388
0.353759
0.353471
0.353417
0.354258
0.354016
0.35384
0.353697
0.353477
0.353374
0.353467
0.353346
0.353851
0.353692
0.353423
0.35425
0.354051
0.353782
0.353441
0.35346
0.353339
0.353077
0.352995
0.352947
0.352878
0.352652
0.353643
0.353354
0.353091
0.35367
0.353432
0.353215
0.353235
0.353137
0.352985
0.352761
0.352698
0.353464
0.353253
0.353592
0.353253
0.353003
0.486663
0.473222
0.46101
0.450212
0.440826
0.431921
0.424774
0.417547
0.410868
0.404802
0.531029
0.513056
0.496876
0.482824
0.469735
0.458749
0.447978
0.43942
0.430537
0.42254
0.415492
0.409088
0.403268
0.39816
0.39347
0.389144
0.385343
0.382291
0.380302
0.378079
0.375462
0.373052
0.370918
0.369461
0.367536
0.391656
0.387607
0.383931
0.380572
0.378764
0.375928
0.373397
0.371222
0.369124
0.367233
0.365613
0.364191
0.36269
0.36253
0.361912
0.36167
0.37957
0.376784
0.37412
0.371745
0.369796
0.367837
0.366049
0.364663
0.363198
0.361899
0.361783
0.360626
0.359789
0.358875
0.358156
0.357323
0.356662
0.35609
0.355502
0.355411
0.355048
0.355447
0.354891
0.354464
0.353917
0.353895
0.354099
0.354312
0.353799
0.35352
0.353189
0.353505
0.354215
0.354279
0.35399
0.353612
0.353278
0.352891
0.479384
0.466386
0.454737
0.444345
0.4351
0.42751
0.419751
0.413527
0.408014
0.402169
0.397053
0.392356
0.388023
0.384696
0.381199
0.378148
0.376346
0.374273
0.371818
0.369657
0.367712
0.36592
0.364164
0.362755
0.361369
0.360103
0.359475
0.359396
0.358471
0.358067
0.357156
0.35627
0.381222
0.378111
0.375317
0.372704
0.370483
0.368292
0.367479
0.366162
0.364566
0.362951
0.361674
0.360454
0.359279
0.358685
0.357633
0.356746
0.356339
0.356554
0.355824
0.380987
0.377884
0.375036
0.372348
0.370291
0.368283
0.366616
0.365075
0.363588
0.363069
0.361837
0.360633
0.3596
0.358795
0.357776
0.356959
0.356578
0.355832
0.355263
0.354758
0.355317
0.354723
0.354275
0.353868
0.353297
0.385174
0.381661
0.378311
0.375383
0.372846
0.370573
0.369221
0.367323
0.365435
0.363749
0.362338
0.360971
0.359808
0.359159
0.358052
0.357063
0.356314
0.356522
0.35575
0.355196
0.354662
0.353989
0.353582
0.353123
0.352627
0.384369
0.380924
0.377648
0.407089
0.401369
0.396048
0.391259
0.387126
0.383229
0.379722
0.376665
0.373792
0.371344
0.369064
0.367895
0.365928
0.364196
0.362573
0.361148
0.360006
0.35894
0.357849
0.356983
0.3561
0.3553
0.355952
0.35517
0.354469
0.354248
0.353652
0.353102
0.352762
0.352484
0.352052
0.38301
0.379627
0.377895
0.375536
0.373208
0.370697
0.368507
0.366623
0.364693
0.395267
0.3907
0.386392
0.382569
0.379665
0.37648
0.373513
0.370978
0.368696
0.366582
0.365223
0.363539
0.361963
0.360966
0.359689
0.359355
0.358261
0.357312
0.356397
0.35621
0.355405
0.354559
0.353983
0.353509
0.352974
0.352666
0.353118
0.352561
0.352156
0.351757
0.351307
0.382737
0.379337
0.376139
0.374003
0.371429
0.368974
0.36824
0.366283
0.364573
0.362916
0.361434
0.359959
0.358664
0.357636
0.356688
0.355631
0.354884
0.355162
0.354343
0.353725
0.353092
0.352429
0.352044
0.351553
0.351828
0.351461
0.350965
0.35063
0.351202
0.350693
0.350382
0.35016
0.349829
0.349515
0.349331
0.349022
0.348731
0.349084
0.34895
0.349639
0.349763
0.349577
0.349362
0.349177
0.34906
0.348925
0.348845
0.348748
0.3485
0.348354
0.349279
0.348962
0.348882
0.348778
0.348534
0.374861
0.372162
0.369576
0.367435
0.365373
0.363463
0.36263
0.361023
0.359551
0.358303
0.357282
0.356348
0.355491
0.354726
0.353906
0.353152
0.352608
0.352851
0.352216
0.351612
0.351062
0.350567
0.350326
0.349927
0.349565
0.349379
0.349034
0.34878
0.349604
0.349255
0.349094
0.349001
0.34877
0.348373
0.348211
0.348029
0.347963
0.347912
0.347722
0.34838
0.348278
0.348084
0.347756
0.347668
0.347487
0.347314
0.347216
0.347106
0.347195
0.347141
0.347941
0.347752
0.347738
0.347441
0.347283
0.347165
0.347012
0.346929
0.346991
0.346874
0.346689
0.34763
0.347478
0.34721
0.347155
0.346916
0.346673
0.347202
0.346943
0.34686
0.346785
0.346734
0.3475
0.347361
0.34714
0.346932
0.346866
0.346586
0.346404
0.346324
0.346158
0.345994
0.346006
0.346826
0.346607
0.346436
0.346241
0.34665
0.34659
0.346465
0.346401
0.346318
0.346124
0.345944
0.346844
0.346566
0.346383
0.346356
0.346178
0.345967
0.345981
0.345789
0.345617
0.345602
0.345439
0.346341
0.346312
0.346215
0.364707
0.362701
0.36084
0.359163
0.357857
0.356491
0.355248
0.354328
0.354326
0.353322
0.352463
0.351623
0.350884
0.350346
0.349714
0.349124
0.348672
0.348211
0.347928
0.348565
0.348125
0.347703
0.347524
0.347162
0.346993
0.347248
0.346936
0.347471
0.347335
0.346998
0.347678
0.347355
0.346837
0.346556
0.34639
0.346001
0.345833
0.345733
0.345483
0.345184
0.345072
0.34581
0.345609
0.345519
0.345242
0.345124
0.345031
0.344906
0.344805
0.34485
0.34473
0.344663
0.345643
0.34528
0.345082
0.34498
0.344719
0.344669
0.344609
0.344522
0.344477
0.34457
0.344519
0.345414
0.34566
0.34544
0.345293
0.345183
0.344975
0.34482
0.344741
0.344516
0.344446
0.344407
0.345192
0.344948
0.366063
0.363812
0.361837
0.360687
0.359022
0.357382
0.35622
0.354838
0.353562
0.353489
0.352367
0.351361
0.350631
0.34977
0.349042
0.348538
0.347995
0.347397
0.347028
0.346636
0.347259
0.346939
0.346447
0.346196
0.345983
0.345692
0.34541
0.345218
0.344895
0.344799
0.344565
0.345149
0.345037
0.346085
0.345698
0.345835
0.345527
0.345176
0.471183
0.458503
0.446854
0.436441
0.428432
0.41979
0.412064
0.405171
0.398856
0.393348
0.388058
0.383438
0.379436
0.375637
0.37207
0.370063
0.367117
0.365426
0.363146
0.361033
0.359221
0.357677
0.355982
0.354618
0.353358
0.352223
0.352236
0.351333
0.350219
0.349533
0.348816
0.348117
0.347526
0.346975
0.34646
0.346028
0.345624
0.346082
0.345673
0.372283
0.369157
0.388184
0.39053
0.385541
0.381189
0.377185
0.373505
0.370266
0.368261
0.365454
0.363126
0.36081
0.358726
0.357055
0.355369
0.353829
0.352647
0.351514
0.368343
0.366734
0.364058
0.361854
0.359809
0.357943
0.375807
0.372415
0.36917
0.366356
0.363893
0.361526
0.360423
0.358425
0.356685
0.464966
0.452495
0.441216
0.431296
0.422717
0.414433
0.429645
0.421958
0.437346
0.427694
0.418922
0.411215
0.404295
0.39785
0.520945
0.503052
0.486759
0.472285
0.459037
0.448049
0.437359
0.427738
0.441675
0.431655
0.448732
0.437894
0.450124
0.439109
0.429195
0.420432
0.413349
0.405956
0.399479
0.393509
0.388155
0.383384
0.379014
0.375067
0.371701
0.36849
0.365634
0.475001
0.461625
0.467869
0.455159
0.443845
0.433604
0.424295
0.415856
0.408312
0.401478
0.395211
0.497505
0.482977
0.46865
0.455904
0.444195
0.433721
0.424502
0.416055
0.408543
0.424328
0.415892
0.428124
0.419449
0.411501
0.531177
0.512187
0.49485
0.479422
0.465471
0.45292
0.551052
0.529841
0.512243
0.603799
0.577378
0.553637
0.557288
0.535524
0.516454
0.547519
0.526719
0.533926
0.514565
0.497371
0.502514
0.486259
0.471573
0.458492
0.447421
0.436666
0.551703
0.530536
0.511438
0.494326
0.479895
0.465902
0.453379
0.44207
0.459953
0.447954
0.437024
0.459879
0.448016
0.43714
0.427442
0.419703
0.411525
0.404439
0.397992
0.392151
0.511627
0.495265
0.479549
0.589185
0.583706
0.559304
0.559079
0.537306
0.517949
0.500151
0.484354
0.469736
0.456759
0.44508
0.434447
0.424999
0.416291
0.410342
0.403305
0.396766
0.391045
0.385915
0.381115
0.396252
0.390521
0.385235
0.406533
0.399751
0.394589
0.389057
0.384064
0.379834
0.375643
0.37188
0.401969
0.395564
0.3897
0.384653
0.380012
0.376648
0.396941
0.391039
0.385727
0.400403
0.394273
0.388625
0.383631
0.379021
0.374911
0.477039
0.464151
0.451528
0.440193
0.429761
0.446666
0.435814
0.426582
0.417843
0.409842
0.402445
0.396485
0.391659
0.38608
0.401914
0.395514
0.389697
0.384529
0.379695
0.375432
0.371626
0.368115
0.364916
0.362607
0.359972
0.357767
0.355782
0.353903
0.352183
0.351144
0.349697
0.374125
0.429865
0.420363
0.517261
0.49911
0.482786
0.468299
0.455056
0.477218
0.463211
0.450458
0.439073
0.428881
0.41958
0.438077
0.428029
0.41881
0.410622
0.403147
0.396439
0.390587
0.385166
0.380256
0.474999
0.461086
0.449486
0.438266
0.428001
0.452465
0.440828
0.430306
0.447122
0.436144
0.425976
0.540611
0.520281
0.502701
0.511787
0.556385
0.534455
0.514651
0.496773
0.480728
0.466242
0.453077
0.466502
0.453455
0.441975
0.431477
0.421917
0.413235
0.529979
0.510552
0.517919
0.525315
0.506265
0.521898
0.503349
0.487443
0.47227
0.45863
0.446162
0.435245
0.425161
0.41613
0.539435
0.519079
0.500553
0.484082
0.47008
0.456467
0.444817
0.433856
0.423923
0.475476
0.461311
0.448786
0.437376
0.427063
0.417909
0.410585
0.402909
0.499367
0.482825
0.467903
0.454655
0.44254
0.464145
0.451282
0.439434
0.429897
0.446415
0.435152
0.4251
0.415972
0.40768
0.400359
0.393725
0.418864
0.410437
0.402712
0.395976
0.390785
0.384948
0.40589
0.398786
0.392277
0.386582
0.381338
0.376596
0.468575
0.455279
0.443134
0.433227
0.423255
0.439297
0.428766
0.419195
0.43587
0.425807
0.416544
0.540208
0.519573
0.500803
0.485129
0.469887
0.456175
0.445168
0.433964
0.45587
0.443777
0.432635
0.422757
0.413863
0.405706
0.529266
0.509537
0.491761
0.5775
0.552972
0.563006
0.539925
0.519116
0.500427
0.483767
0.468721
0.456067
0.443858
0.43265
0.422768
0.413848
0.405656
0.398432
0.391846
0.385938
0.380612
0.375728
0.397064
0.39074
0.384821
0.379606
0.375015
0.370672
0.366987
0.363533
0.360578
0.415452
0.407059
0.400574
0.393841
0.387606
0.512154
0.494142
0.477905
0.559964
0.537161
0.516569
0.498182
0.481541
0.467445
0.453955
0.441718
0.430768
0.447442
0.435859
0.42564
0.416253
0.407806
0.400308
0.393446
0.388303
0.382797
0.377695
0.398703
0.392094
0.385947
0.380648
0.375815
0.37127
0.367491
0.363919
0.390695
0.384839
0.379532
0.503371
0.486352
0.47077
0.456871
0.444198
0.432776
0.517473
0.498763
0.508074
0.490444
0.474577
0.460284
0.447309
0.435746
0.425362
0.415798
0.407358
0.399863
0.477432
0.49031
0.474703
0.4601
0.447082
0.435334
0.424677
0.41524
0.406621
0.399258
0.392318
0.385877
0.381302
0.376145
0.371372
0.367303
0.363619
0.360387
0.357433
0.354643
0.352152
0.34997
0.347764
0.372034
0.367803
0.363951
0.360692
0.357451
0.354605
0.352255
0.349894
0.347976
0.371588
0.367377
0.36501
0.361581
0.358396
0.355686
0.35309
0.350735
0.348656
0.346732
0.372474
0.368245
0.36423
0.361804
0.358596
0.355709
0.353316
0.350912
0.348909
0.347013
0.345259
0.343879
0.342563
0.34126
0.341131
0.340144
0.339074
0.338178
0.337365
0.336476
0.335974
0.335334
0.334904
0.334559
0.334054
0.334441
0.334043
0.33356
0.333257
0.332962
0.332638
0.332475
0.332085
0.331888
0.331784
0.331578
0.332408
0.332185
0.331917
0.458059
0.445178
0.433451
0.423078
0.41366
0.405267
0.397819
0.390859
0.385728
0.380743
0.375437
0.370971
0.366809
0.36287
0.359543
0.35643
0.35376
0.351325
0.348992
0.347956
0.346123
0.344266
0.414639
0.405963
0.398214
0.416342
0.407488
0.399712
0.392573
0.386052
0.381853
0.376554
0.371785
0.367579
0.363474
0.359908
0.356797
0.353764
0.351155
0.348808
0.347716
0.346842
0.344919
0.34331
0.341818
0.340359
0.339034
0.337898
0.336732
0.336099
0.335411
0.334574
0.334908
0.33409
0.333305
0.332739
0.332159
0.331712
0.356908
0.353986
0.351355
0.348978
0.346848
0.345955
0.343955
0.342593
0.341102
0.339536
0.398395
0.391115
0.384596
0.378904
0.373577
0.368952
0.365756
0.361718
0.451556
0.438941
0.42761
0.417412
0.435726
0.42486
0.415053
0.40611
0.398066
0.391907
0.385152
0.435955
0.424923
0.414949
0.406075
0.397864
0.390759
0.384358
0.378348
0.402568
0.395924
0.388763
0.382543
0.37675
0.371641
0.367075
0.362793
0.359138
0.355669
0.352496
0.447089
0.435955
0.424772
0.414829
0.405801
0.397794
0.390526
0.383896
0.398575
0.392305
0.385468
0.379596
0.374958
0.370006
0.365569
0.361374
0.484244
0.468383
0.453884
0.503318
0.485357
0.46918
0.454656
0.44254
0.430725
0.420081
0.410399
0.49632
0.478969
0.463303
0.449331
0.436711
0.425559
0.415377
0.407017
0.399192
0.391682
0.384873
0.378757
0.373201
0.387641
0.381389
0.375611
0.394469
0.387426
0.381854
0.376027
0.37062
0.365788
0.361593
0.357604
0.354192
0.351093
0.348243
0.412497
0.403401
0.396238
0.417031
0.407615
0.424758
0.414653
0.40538
0.463879
0.449673
0.436879
0.425546
0.415036
0.406883
0.398553
0.390871
0.480878
0.464944
0.4506
0.437882
0.426248
0.41593
0.406695
0.398205
0.417761
0.408189
0.399524
0.391876
0.384842
0.3787
0.373022
0.367864
0.363273
0.359096
0.35534
0.353012
0.349865
0.347076
0.344686
0.342297
0.340413
0.33873
0.337379
0.335964
0.33447
0.333314
0.333176
0.331945
0.427365
0.416782
0.407171
0.398688
0.390972
0.384054
0.377854
0.372132
0.367098
0.363544
0.359298
0.355583
0.352124
0.349106
0.346356
0.343861
0.472189
0.457126
0.443475
0.431332
0.42122
0.411315
0.402337
0.394174
0.386878
0.380344
0.374258
0.423057
0.412712
0.403576
0.395372
0.388795
0.381957
0.37571
0.370088
0.365232
0.360732
0.356946
0.353281
0.349901
0.347055
0.344359
0.343402
0.341215
0.339145
0.337275
0.335564
0.333969
0.33262
0.331355
0.330325
0.329446
0.32845
0.45924
0.44546
0.432863
0.490338
0.473253
0.458034
0.444966
0.432396
0.448344
0.503605
0.485165
0.469794
0.454763
0.441773
0.429622
0.418579
0.540357
0.518289
0.498444
0.546024
0.523386
0.505025
0.487607
0.470795
0.585857
0.559428
0.535306
0.513846
0.494522
0.477207
0.461579
0.447383
0.564894
0.541413
0.519224
0.567167
0.542396
0.520259
0.50023
0.482155
0.570746
0.545633
0.523076
0.528225
0.508065
0.615364
0.585667
0.559001
0.599773
0.571706
0.54628
0.523623
0.503123
0.48476
0.468232
0.454052
0.537818
0.515851
0.496215
0.478542
0.462579
0.473025
0.457665
0.443642
0.431089
0.41983
0.410653
0.401537
0.393076
0.514933
0.495254
0.477431
0.525765
0.504913
0.486246
0.469557
0.454496
0.441837
0.429452
0.41825
0.436637
0.424602
0.433316
0.421866
0.411337
0.527304
0.506318
0.487392
0.537219
0.515215
0.49546
0.477709
0.461554
0.572733
0.56907
0.543862
0.521239
0.500728
0.482498
0.467032
0.452038
0.438578
0.426464
0.415379
0.40563
0.39668
0.388791
0.381659
0.375189
0.369309
0.364944
0.360226
0.378885
0.372574
0.494619
0.476735
0.4606
0.514892
0.494952
0.47761
0.46159
0.447866
0.434824
0.423085
0.412418
0.466409
0.451364
0.437924
0.425853
0.414957
0.405196
0.396421
0.389172
0.381973
0.375315
0.396356
0.388462
0.381155
0.374716
0.368784
0.363572
0.358959
0.354561
0.351722
0.348579
0.34526
0.342433
0.339937
0.337662
0.335454
0.333448
0.332257
0.330666
0.3291
0.392021
0.384358
0.377666
0.371596
0.365828
0.36122
0.356653
0.352732
0.349158
0.345778
0.374074
0.369252
0.363866
0.35905
0.35471
0.350577
0.347174
0.343963
0.367724
0.362539
0.357702
0.451612
0.438854
0.426431
0.416402
0.406279
0.397251
0.390044
0.382269
0.375581
0.369357
0.39013
0.382644
0.376693
0.370956
0.3654
0.360214
0.355607
0.35138
0.347782
0.344421
0.341316
0.43658
0.424429
0.415126
0.405562
0.39634
0.388236
0.380849
0.374098
0.418663
0.408173
0.398584
0.390201
0.382506
0.396821
0.388474
0.380958
0.374356
0.368271
0.363482
0.358657
0.354126
0.350048
0.346224
0.342824
0.340913
0.338156
0.362913
0.358142
0.353531
0.435323
0.422981
0.411982
0.402119
0.393097
0.510607
0.491872
0.473891
0.45792
0.44344
0.456334
0.442035
0.429045
0.417468
0.406915
0.39743
0.389056
0.382308
0.402854
0.393903
0.385783
0.378424
0.37175
0.385372
0.378198
0.37152
0.365703
0.360467
0.356612
0.352209
0.348117
0.34505
0.341738
0.33871
0.46217
0.447083
0.433613
0.421381
0.415701
0.430495
0.419558
0.408732
0.399199
0.390409
0.382645
0.37551
0.401601
0.392721
0.384578
0.377304
0.371884
0.365835
0.360791
0.355841
0.351416
0.347404
0.343796
0.362024
0.35699
0.382965
0.375817
0.370328
0.490262
0.472368
0.456063
0.505484
0.486718
0.469316
0.453629
0.439242
0.457414
0.442758
0.430517
0.418595
0.408275
0.398577
0.389878
0.382019
0.375085
0.368706
0.363054
0.357927
0.353231
0.390401
0.382987
0.375818
0.369365
0.363398
0.358031
0.35403
0.349766
0.345932
0.342503
0.339792
0.337967
0.335143
0.332726
0.330503
0.328563
0.326837
0.325078
0.323594
0.322252
0.321089
0.320088
0.319922
0.319027
0.318216
0.317319
0.318355
0.317649
0.317424
0.316756
0.316006
0.363253
0.357856
0.354019
0.349747
0.345697
0.34633
0.342753
0.339419
0.336606
0.333871
0.331498
0.329478
0.355717
0.352257
0.347921
0.344233
0.340856
0.337702
0.335538
0.332931
0.330557
0.328426
0.326489
0.324899
0.324313
0.32288
0.321696
0.320829
0.444401
0.430933
0.418739
0.40794
0.397956
0.389085
0.380996
0.400381
0.391306
0.384329
0.377371
0.370639
0.3645
0.358975
0.35397
0.349552
0.346328
0.342588
0.340278
0.337054
0.354139
0.34965
0.34543
0.345582
0.341798
0.338559
0.33573
0.332925
0.330541
0.329404
0.327286
0.325492
0.323749
0.322289
0.32095
0.319706
0.31866
0.317537
0.337617
0.334709
0.333651
0.331035
0.425941
0.414541
0.403807
0.394187
0.385649
0.377804
0.370887
0.364724
0.358971
0.354818
0.350693
0.371921
0.365539
0.359654
0.35445
0.349709
0.345624
0.341798
0.338233
0.335149
0.333227
0.33105
0.328806
0.32661
0.343968
0.340163
0.336992
0.334131
0.331355
0.329336
0.327123
0.326026
0.324179
0.322292
0.346965
0.343005
0.33922
0.336837
0.333803
0.331142
0.328748
0.326478
0.325574
0.323689
0.322216
0.320753
0.319238
0.318034
0.316867
0.342441
0.338959
0.335693
0.332866
0.331237
0.32884
0.326574
0.324572
0.322957
0.321995
0.320346
0.319297
0.317886
0.316817
0.315856
0.315809
0.314936
0.313957
0.313649
0.313004
0.312219
0.311529
0.310904
0.310533
0.310136
0.309638
0.310383
0.309856
0.310266
0.309959
0.310074
0.309694
0.309118
0.308734
0.308424
0.307965
0.308094
0.308824
0.308524
0.308343
0.307871
0.307803
0.307666
0.307415
0.307246
0.30705
0.306965
0.306787
0.307571
0.307892
0.307618
0.307426
0.307352
0.307132
0.306934
0.306798
0.306764
0.306603
0.306352
0.307605
0.307251
0.307127
0.306981
0.306747
0.306587
0.306402
0.306264
0.30631
0.306162
0.306061
0.307404
0.307351
0.307218
0.30696
0.306779
0.306754
0.30654
0.306401
0.306247
0.306685
0.306477
0.307145
0.306939
0.306735
0.306576
0.306296
0.306012
0.305926
0.305721
0.306074
0.30585
0.305601
0.306449
0.306137
0.306038
0.30595
0.305665
0.305985
0.305729
0.305678
0.305625
0.305373
0.3053
0.30605
0.30589
0.327669
0.32535
0.323596
0.321662
0.354843
0.349678
0.34504
0.341285
0.337601
0.334971
0.331986
0.328995
0.326406
0.324076
0.321812
0.319941
0.318232
0.316719
0.31547
0.314243
0.314079
0.312899
0.311903
0.31086
0.309985
0.309297
0.308473
0.308301
0.307778
0.307106
0.306696
0.326558
0.324532
0.322303
0.351308
0.346465
0.341924
0.338452
0.334744
0.331337
0.328495
0.325751
0.324408
0.322152
0.320024
0.318332
0.316514
0.315109
0.314107
0.312802
0.331698
0.328563
0.326257
0.32478
0.322219
0.320103
0.318198
0.316452
0.314912
0.313412
0.312176
0.310946
0.309957
0.308961
0.309182
0.30836
0.307536
0.307298
0.30668
0.305913
0.30544
0.30487
0.304447
0.304108
0.303598
0.30464
0.304099
0.303628
0.303208
0.302788
0.302596
0.302253
0.302748
0.302546
0.302324
0.302095
0.302663
0.302451
0.302311
0.301853
0.301642
0.301356
0.301141
0.301123
0.300908
0.300916
0.32757
0.325757
0.323172
0.320695
0.318526
0.316465
0.314777
0.313168
0.311871
0.310584
0.309427
0.308807
0.308816
0.307835
0.306953
0.30604
0.30581
0.305588
0.304939
0.304477
0.303921
0.303429
0.302866
0.335248
0.331685
0.328299
0.325779
0.323083
0.320634
0.318526
0.316398
0.315056
0.313441
0.312059
0.311778
0.310334
0.309611
0.308372
0.307231
0.306402
0.305624
0.304851
0.304289
0.303633
0.303154
0.303668
0.303509
0.302953
0.302354
0.327248
0.324357
0.321822
0.319502
0.317248
0.315424
0.313584
0.313522
0.311949
0.310565
0.309297
0.307961
0.307306
0.306428
0.305481
0.304747
0.30417
0.304262
0.304617
0.303877
0.303355
0.30261
0.30216
0.30164
0.301716
0.301343
0.300904
0.300587
0.300224
0.300835
0.300448
0.300099
0.299785
0.299554
0.299173
0.298952
0.298708
0.298648
0.298463
0.298204
0.299104
0.29886
0.298693
0.298385
0.298099
0.298039
0.297902
0.298275
0.298144
0.298061
0.297983
0.298818
0.298747
0.298565
0.29852
0.298364
0.298124
0.298018
0.297707
0.297632
0.297565
0.297338
0.298161
0.297916
0.297821
0.297744
0.297461
0.323411
0.320756
0.318332
0.316147
0.314036
0.312319
0.311602
0.309994
0.30869
0.307415
0.30637
0.30523
0.304368
0.303557
0.302897
0.302713
0.302125
0.302876
0.302079
0.301363
0.300922
0.300324
0.299985
0.299638
0.299165
0.298944
0.298541
0.298786
0.299423
0.298972
0.298575
0.298398
0.298254
0.298064
0.29772
0.297577
0.29731
0.297253
0.297096
0.297847
0.297704
0.297425
0.297621
0.297482
0.297183
0.297135
0.296967
0.29681
0.296825
0.29664
0.297504
0.297261
0.297083
0.296748
0.296724
0.296575
0.29639
0.296434
0.296256
0.296195
0.296169
0.296904
0.296814
0.296621
0.296638
0.296613
0.296443
0.296328
0.296113
0.296022
0.295831
0.295896
0.296828
0.296636
0.296464
0.296277
0.296003
0.295932
0.295987
0.317745
0.315574
0.313712
0.312287
0.311368
0.309751
0.308107
0.307198
0.305982
0.30467
0.303694
0.302608
0.30212
0.301367
0.300565
0.302089
0.301304
0.300662
0.300087
0.299553
0.299092
0.298604
0.298232
0.297727
0.297445
0.297179
0.297772
0.297479
0.29704
0.29684
0.297006
0.296598
0.296369
0.296018
0.295907
0.295805
0.295715
0.296582
0.29621
0.398753
0.388189
0.378692
0.370208
0.362429
0.355572
0.34932
0.343828
0.338937
0.335235
0.331577
0.327747
0.325283
0.322153
0.319224
0.316771
0.31437
0.312425
0.310532
0.308689
0.308153
0.306566
0.305606
0.304482
0.303301
0.302257
0.301344
0.320569
0.317799
0.315372
0.313314
0.312161
0.310436
0.308679
0.307098
0.30569
0.304408
0.303657
0.302574
0.302464
0.301565
0.300541
0.327808
0.324314
0.322238
0.3193
0.316737
0.314318
0.312009
0.310488
0.308614
0.306952
0.305556
0.305068
0.304254
0.30314
0.302132
0.301247
0.300265
0.299505
0.298812
0.298099
0.297576
0.297063
0.297462
0.296804
0.296298
0.295913
0.295403
0.294999
0.294472
0.294522
0.294273
0.293928
0.294231
0.294677
0.294118
0.293583
0.293133
0.292876
0.292459
0.292643
0.2924
0.291909
0.291716
0.29138
0.292597
0.292326
0.314882
0.312287
0.3098
0.307745
0.305847
0.304168
0.302756
0.301226
0.29998
0.299688
0.298602
0.297619
0.29667
0.29588
0.295133
0.294714
0.294161
0.29366
0.293283
0.292627
0.293143
0.292706
0.292149
0.291808
0.291299
0.291046
0.290655
0.290466
0.290245
0.289893
0.289774
0.290508
0.290334
0.290178
0.290037
0.289849
0.289559
0.390878
0.38059
0.371408
0.362942
0.355326
0.34949
0.34311
0.337657
0.332563
0.327979
0.324058
0.320321
0.442359
0.426891
0.413332
0.400789
0.390316
0.380075
0.370711
0.362328
0.354786
0.347832
0.34175
0.336237
0.331308
0.326977
0.323361
0.320599
0.318322
0.315219
0.312369
0.309814
0.307492
0.305242
0.30339
0.301633
0.300017
0.298671
0.299291
0.298033
0.296777
0.296053
0.322179
0.352304
0.345726
0.339771
0.33444
0.329483
0.325104
0.322235
0.318492
0.31519
0.312138
0.309567
0.307078
0.30486
0.303014
0.301179
0.299734
0.298227
0.298305
0.297131
0.295885
0.294844
0.293766
0.293013
0.292179
0.292004
0.291335
0.290506
0.348082
0.342551
0.336753
0.331977
0.327675
0.323794
0.319882
0.409423
0.396779
0.385408
0.37521
0.365951
0.358655
0.351052
0.344401
0.338425
0.332845
0.327973
0.323464
0.319441
0.315916
0.31259
0.309747
0.307409
0.305356
0.303083
0.301242
0.29938
0.2975
0.296636
0.295078
0.29382
0.292585
0.291384
0.291449
0.290362
0.289565
0.288871
0.314682
0.311476
0.308392
0.306344
0.303911
0.301766
0.299695
0.298602
0.296928
0.295158
0.293822
0.292545
0.291191
0.29013
0.289094
0.288307
0.287534
0.286854
0.287157
0.286451
0.285908
0.285177
0.394525
0.383031
0.372782
0.36351
0.355031
0.347688
0.340788
0.33661
0.330997
0.326067
0.321518
0.317219
0.313555
0.310055
0.307107
0.304454
0.301861
0.299627
0.298541
0.428815
0.413844
0.400281
0.388304
0.377326
0.367565
0.358744
0.350793
0.343602
0.337094
0.332262
0.326885
0.322597
0.31827
0.314219
0.310746
0.307527
0.305037
0.302383
0.301021
0.29882
0.29802
0.296685
0.294712
0.293913
0.29241
0.291156
0.289919
0.288639
0.287628
0.286692
0.286487
0.286715
0.285692
0.285487
0.284615
0.283971
0.283427
0.283078
0.282498
0.281941
0.2816
0.281088
0.282061
0.281621
0.281107
0.280791
0.280347
0.280005
0.27965
0.279784
0.279658
0.279341
0.279259
0.279397
0.27931
0.27904
0.304317
0.301722
0.299198
0.297064
0.294897
0.293541
0.291886
0.290346
0.290156
0.288798
0.288069
0.286929
0.286028
0.285214
0.284299
0.283572
0.282744
0.282524
0.28191
0.282081
0.281498
0.280875
0.378912
0.368474
0.359684
0.351251
0.343637
0.336927
0.330841
0.422304
0.408541
0.395316
0.383423
0.372543
0.362936
0.35415
0.34669
0.339644
0.333241
0.327603
0.32244
0.318746
0.314519
0.310706
0.307274
0.304009
0.301205
0.298537
0.296187
0.294012
0.292054
0.29034
0.289706
0.288361
0.286997
0.409439
0.396211
0.384215
0.373298
0.363542
0.354801
0.346761
0.339662
0.334275
0.348976
0.341566
0.334853
0.328967
0.32352
0.319207
0.314892
0.344821
0.337926
0.33158
0.327043
0.321749
0.317072
0.312795
0.308959
0.305653
0.302477
0.299788
0.297252
0.295524
0.293498
0.292753
0.290965
0.289312
0.287907
0.286659
0.285609
0.284514
0.283506
0.282598
0.281634
0.281052
0.281823
0.306479
0.303415
0.300517
0.297909
0.295407
0.293412
0.291517
0.289834
0.288454
0.287052
0.286814
0.285541
0.284433
0.283433
0.282517
0.281724
0.280995
0.280352
0.27975
0.279615
0.279097
0.279565
0.279205
0.278561
0.278148
0.277572
0.305392
0.302296
0.299305
0.296831
0.294581
0.292566
0.291652
0.289796
0.288272
0.286715
0.285487
0.284381
0.283386
0.282305
0.281368
0.280674
0.280005
0.280401
0.2796
0.279092
0.27861
0.278125
0.278146
0.27757
0.277525
0.277216
0.276809
0.276597
0.277197
0.277125
0.276651
0.276429
0.276229
0.275861
0.275673
0.275495
0.275267
0.275027
0.274833
0.275657
0.275329
0.275604
0.275286
0.275159
0.274881
0.274647
0.274623
0.274399
0.27438
0.27418
0.275844
0.275389
0.275293
0.275617
0.275338
0.336502
0.330116
0.324941
0.319685
0.315979
0.311825
0.30877
0.305131
0.301854
0.299111
0.296451
0.295075
0.292985
0.290906
0.289204
0.288136
0.287585
0.287294
0.286328
0.284991
0.283698
0.282711
0.281787
0.281269
0.280493
0.279643
0.279122
0.278298
0.278731
0.27793
0.277429
0.277002
0.276505
0.296777
0.29428
0.292142
0.290803
0.289166
0.287664
0.287
0.285612
0.284215
0.283048
0.282817
0.310206
0.306462
0.303054
0.300502
0.297726
0.295601
0.294303
0.321855
0.316918
0.31242
0.308416
0.305258
0.301842
0.298887
0.296032
0.293645
0.291471
0.290384
0.288847
0.287172
0.285606
0.284079
0.282715
0.2814
0.280335
0.279335
0.278611
0.27779
0.277893
0.277137
0.276329
0.275759
0.275216
0.274875
0.274415
0.274676
0.274652
0.274111
0.27373
0.274204
0.273817
0.273469
0.273092
0.272851
0.272504
0.272156
0.271855
0.271668
0.271535
0.27121
0.272761
0.272365
0.272028
0.271679
0.271545
0.271424
0.271111
0.271008
0.270736
0.27067
0.270569
0.271404
0.271259
0.291621
0.289479
0.287351
0.285563
0.283727
0.282183
0.280793
0.27952
0.278451
0.278338
0.277381
0.277611
0.276784
0.276056
0.275241
0.274366
0.27373
0.2738
0.273674
0.27312
0.27366
0.273046
0.27258
0.272045
0.272214
0.271671
0.271294
0.271009
0.27068
0.270863
0.27121
0.272028
0.272051
0.271739
0.271394
0.270901
0.270617
0.270944
0.271088
0.270744
0.295727
0.293601
0.291857
0.289804
0.28746
0.285953
0.284071
0.282237
0.28064
0.27928
0.278127
0.276983
0.275973
0.275918
0.274902
0.274058
0.273164
0.272472
0.271721
0.271275
0.270804
0.270203
0.269944
0.269411
0.269503
0.269171
0.269284
0.268983
0.268686
0.268425
0.268041
0.26786
0.267545
0.267878
0.267708
0.268585
0.268325
0.26804
0.268365
0.268153
0.267962
0.267789
0.267593
0.267435
0.267722
0.267407
0.268724
0.268597
0.268272
0.26789
0.267597
0.289464
0.287151
0.28547
0.283877
0.282036
0.280252
0.279529
0.278014
0.276667
0.275349
0.274285
0.273189
0.272283
0.271327
0.27069
0.270194
0.26952
0.269826
0.269278
0.268782
0.268141
0.267737
0.267382
0.266877
0.26659
0.266273
0.265943
0.265717
0.266502
0.26615
0.284872
0.282692
0.280593
0.279221
0.277488
0.276475
0.275042
0.273547
0.272414
0.272206
0.271193
0.270144
0.269696
0.268775
0.268083
0.267466
0.266758
0.266182
0.265589
0.265654
0.266122
0.265725
0.265258
0.264735
0.264511
0.26407
0.263877
0.263496
0.26369
0.263782
0.263506
0.264205
0.263794
0.263485
0.263041
0.262852
0.262554
0.262362
0.262289
0.262028
0.261835
0.261661
0.262458
0.262209
0.262177
0.262379
0.286986
0.2843
0.281873
0.279708
0.277696
0.275936
0.274259
0.273694
0.272689
0.271414
0.270282
0.26919
0.268281
0.267385
0.266666
0.266028
0.265493
0.264953
0.265437
0.264912
0.264251
0.263794
0.263354
0.263012
0.262721
0.262285
0.262066
0.261665
0.261508
0.26281
0.262538
0.262307
0.262038
0.261719
0.261473
0.261336
0.261007
0.26089
0.260632
0.260511
0.261266
0.260944
0.260859
0.260569
0.260422
0.260153
0.259942
0.25991
0.259605
0.259517
0.25937
0.26037
0.2601
0.260029
0.259895
0.259681
0.259649
0.259393
0.259259
0.259115
0.259018
0.284726
0.282916
0.280451
0.278208
0.276192
0.274345
0.272716
0.271044
0.269744
0.268575
0.267346
0.266311
0.266483
0.265639
0.264816
0.264139
0.263524
0.295354
0.291486
0.287947
0.284906
0.281996
0.279825
0.278467
0.309532
0.304384
0.299603
0.316542
0.310385
0.305551
0.325787
0.319419
0.313215
0.307493
0.303534
0.298781
0.294586
0.290727
0.287757
0.284636
0.313411
0.307804
0.302816
0.298326
0.294093
0.401177
0.386762
0.37389
0.362188
0.351569
0.342137
0.33351
0.3259
0.31891
0.312757
0.307145
0.303026
0.298531
0.294265
0.291258
0.287844
0.285255
0.282371
0.279772
0.277501
0.275271
0.273548
0.272766
0.271224
0.269689
0.268506
0.2673
0.266752
0.265853
0.264868
0.264183
0.263425
0.262734
0.263059
0.262369
0.261886
0.26114
0.260642
0.26004
0.259646
0.259086
0.258778
0.258509
0.258889
0.260034
0.259502
0.259152
0.258709
0.258435
0.258044
0.25784
0.257803
0.257488
0.257451
0.257146
0.258017
0.257787
0.258082
0.257841
0.257779
0.257735
0.280179
0.277656
0.275286
0.273373
0.271578
0.270983
0.269466
0.267985
0.266786
0.265615
0.264711
0.263718
0.263244
0.262523
0.261899
0.261293
0.261583
0.260887
0.260223
0.259768
0.259187
0.25874
0.258405
0.258165
0.257948
0.257734
0.257532
0.25815
0.257897
0.257637
0.257316
0.257184
0.256868
0.256704
0.256387
0.256224
0.255997
0.255936
0.256762
0.256455
0.256813
0.256597
0.256422
0.256364
0.363784
0.352813
0.342972
0.334099
0.326084
0.319965
0.313309
0.307435
0.30192
0.297107
0.292792
0.289052
0.285542
0.282335
0.279506
0.276829
0.275031
0.272728
0.271109
0.269215
0.267688
0.266324
0.264882
0.263802
0.26266
0.262199
0.261374
0.261541
0.260795
0.259919
0.259296
0.258669
0.258329
0.257667
0.257231
0.256852
0.256405
0.25616
0.256685
0.256412
0.255954
0.255729
0.255346
0.255133
0.254868
0.254597
0.254501
0.254119
0.254064
0.254744
0.254543
0.254286
0.254252
0.254037
0.253824
0.253728
0.253654
0.253642
0.25351
0.253247
0.253999
0.253892
0.253738
0.253555
0.25339
0.253148
0.253014
0.252903
0.252803
0.252729
0.253367
0.253643
0.253469
0.253722
0.253515
0.253898
0.253698
0.253519
0.253469
0.253268
0.253167
0.252996
0.25377
0.253551
0.253364
0.253244
0.25311
0.253108
0.252958
0.252847
0.25273
0.252791
0.252501
0.253827
0.253635
0.253462
0.253287
0.25295
0.252845
0.252546
0.25326
0.253051
0.253224
0.253463
0.254165
0.253734
0.253333
0.252992
0.252621
0.252421
0.252021
0.252227
0.252098
0.251919
0.251793
0.252508
0.252409
0.25199
0.251799
0.251407
0.251709
0.251543
0.251426
0.251288
0.251103
0.250908
0.251606
0.251431
0.251069
0.250947
0.250784
0.250589
0.250483
0.250267
0.250216
0.249976
0.249954
0.250757
0.250462
0.250225
0.250131
0.249972
0.249762
0.249772
0.249623
0.249979
0.249849
0.249833
0.250552
0.250873
0.250733
0.250274
0.250028
0.249825
0.249745
0.249519
0.249825
0.249658
0.249329
0.250201
0.249971
0.249755
0.24956
0.249494
0.249194
0.24936
0.249172
0.249007
0.249022
0.248775
0.249703
0.249376
0.249219
0.24935
0.249196
0.248951
0.24884
0.248891
0.248667
0.248581
0.248318
0.249291
0.248948
0.248834
0.248574
0.248498
0.248429
0.248159
0.248018
0.247821
0.247695
0.247706
0.248593
0.248406
0.248282
0.248113
0.247827
0.247825
0.247573
0.247562
0.247382
0.24737
0.247318
0.248595
0.248504
0.248332
0.248027
0.247864
0.24782
0.247566
0.247446
0.247156
0.247119
0.246957
0.247884
0.247672
0.247522
0.247397
0.247198
0.24708
0.246868
0.246847
0.246658
0.246978
0.247042
0.247947
0.247869
0.247658
0.247468
0.247259
0.247154
0.248368
0.248293
0.24804
0.269882
0.267492
0.266167
0.264232
0.262321
0.260678
0.259077
0.257745
0.256489
0.255839
0.25485
0.25517
0.255288
0.255036
0.254032
0.252977
0.252115
0.251274
0.250672
0.249941
0.249407
0.248947
0.248423
0.248118
0.24858
0.249057
0.248724
0.248837
0.248401
0.248054
0.247482
0.247902
0.247633
0.247241
0.246888
0.247524
0.247178
0.246646
0.246413
0.246022
0.246184
0.245937
0.245782
0.245684
0.245486
0.245309
0.245968
0.245602
0.245371
0.245205
0.245002
0.244857
0.244742
0.244604
0.244476
0.244253
0.244327
0.244675
0.244527
0.244446
0.244372
0.244102
0.244063
0.243864
0.243676
0.243488
0.243318
0.243287
0.244043
0.263818
0.261603
0.25975
0.258015
0.256418
0.255077
0.253736
0.252529
0.251458
0.250549
0.250518
0.249783
0.248952
0.248764
0.248105
0.24749
0.246939
0.246393
0.24608
0.245433
0.245677
0.246182
0.245893
0.245409
0.245179
0.244827
0.244348
0.244102
0.243858
0.243658
0.243298
0.243253
0.244118
0.244068
0.243956
0.243727
0.243658
0.243299
0.243129
0.242861
0.242738
0.242518
0.242843
0.268939
0.266359
0.263931
0.261784
0.259772
0.257833
0.256252
0.254646
0.253348
0.252
0.379181
0.36629
0.353651
0.342273
0.332008
0.3228
0.314482
0.3072
0.300455
0.294393
0.288893
0.284033
0.280615
0.27672
0.273009
0.269702
0.266828
0.264059
0.261653
0.259443
0.257566
0.255771
0.282418
0.279161
0.275697
0.272072
0.268942
0.265952
0.263113
0.260764
0.258444
0.256558
0.254787
0.253232
0.252625
0.251283
0.250116
0.249066
0.24806
0.247021
0.246226
0.24536
0.244725
0.244009
0.243432
0.243803
0.243256
0.242793
0.24236
0.241989
0.241547
0.2413
0.240933
0.240597
0.24022
0.297264
0.292126
0.413077
0.395545
0.379632
0.365426
0.352637
0.341447
0.330944
0.321606
0.313234
0.305719
0.300373
0.29414
0.288483
0.284172
0.279512
0.275212
0.271566
0.267984
0.329137
0.31998
0.311739
0.305144
0.298387
0.292218
0.286581
0.281599
0.276991
0.272966
0.269096
0.265857
0.262977
0.260951
0.259362
0.256962
0.254958
0.253053
0.2513
0.249674
0.248258
0.246844
0.245817
0.244752
0.243822
0.243834
0.243444
0.24268
0.241964
0.241403
0.240792
0.240265
0.239688
0.239271
0.238691
0.258131
0.256689
0.254463
0.252569
0.250864
0.249285
0.247819
0.246589
0.245293
0.244335
0.243255
0.242306
0.242574
0.242215
0.241395
0.240759
0.240219
0.239545
0.239142
0.238681
0.238352
0.237915
0.237503
0.238642
0.238295
0.238017
0.237764
0.237537
0.237121
0.236941
0.23662
0.236488
0.23618
0.236088
0.236761
0.236442
0.236173
0.236108
0.236008
0.235757
0.235734
0.235507
0.235339
0.235152
0.29253
0.287565
0.282351
0.277463
0.273233
0.26927
0.26569
0.262644
0.259862
0.257258
0.254758
0.252658
0.251559
0.312633
0.304682
0.298015
0.291452
0.285744
0.280517
0.275706
0.271521
0.267707
0.264351
0.262149
0.259281
0.256755
0.25443
0.252209
0.270969
0.267223
0.263652
0.260749
0.25798
0.255401
0.254028
0.251831
0.271886
0.268045
0.264559
0.289021
0.283434
0.278432
0.273936
0.269793
0.266161
0.263536
0.322334
0.313243
0.323935
0.314796
0.30659
0.299268
0.292551
0.286451
0.280792
0.275858
0.271696
0.267762
0.264128
0.294813
0.288333
0.28278
0.277779
0.273188
0.269053
0.283847
0.278723
0.27487
0.27241
0.268248
0.264626
0.261133
0.321983
0.312757
0.304624
0.297275
0.29069
0.284741
0.280357
0.276452
0.298292
0.291586
0.285365
0.279881
0.274831
0.270487
0.266398
0.26324
0.260058
0.258027
0.255059
0.252283
0.249848
0.247596
0.245739
0.244084
0.243022
0.241645
0.240418
0.239189
0.239216
0.238229
0.237139
0.236234
0.235344
0.23467
0.233936
0.23348
0.233021
0.233057
0.232634
0.233128
0.232669
0.232698
0.232289
0.252683
0.250211
0.247789
0.245823
0.243932
0.242434
0.240754
0.240308
0.238968
0.237782
0.236631
0.235787
0.234941
0.253799
0.251152
0.248699
0.246562
0.244446
0.243631
0.241821
0.301831
0.294221
0.287909
0.281902
0.276499
0.271582
0.267176
0.263146
0.259385
0.257031
0.253856
0.251168
0.248556
0.24645
0.244339
0.24251
0.240861
0.239507
0.238129
0.236905
0.237109
0.235942
0.234902
0.233815
0.233092
0.232311
0.231749
0.231089
0.230611
0.22994
0.229644
0.230356
0.229874
0.229277
0.229879
0.229419
0.229005
0.228633
0.228205
0.227918
0.227575
0.227345
0.227804
0.227603
0.227185
0.226857
0.226651
0.226389
0.226074
0.225994
0.225875
0.225815
0.225605
0.226283
0.225866
0.225519
0.225294
0.252329
0.249474
0.246683
0.244338
0.242637
0.241138
0.23922
0.259739
0.256088
0.252598
0.249661
0.246874
0.244433
0.241968
0.241733
0.239703
0.237851
0.236389
0.235934
0.234584
0.233244
0.232077
0.230987
0.229991
0.228998
0.22823
0.227391
0.226792
0.226436
0.22707
0.22699
0.226451
0.225924
0.225313
0.22458
0.224656
0.22437
0.224035
0.223859
0.223556
0.225117
0.224734
0.224379
0.223989
0.223843
0.223372
0.223019
0.22264
0.222511
0.222291
0.22259
0.223301
0.223252
0.223046
0.222706
0.222419
0.222232
0.222949
0.222664
0.222516
0.222232
0.222134
0.222717
0.222404
0.222084
0.222403
0.222281
0.222037
0.221747
0.221659
0.221624
0.221308
0.221219
0.222028
0.221841
0.221523
0.221323
0.221136
0.220942
0.220637
0.22034
0.220014
0.24696
0.244178
0.242576
0.240232
0.238065
0.235977
0.234286
0.232707
0.231152
0.229925
0.228644
0.227581
0.226532
0.226644
0.225688
0.225244
0.224428
0.223694
0.223226
0.222638
0.222083
0.221442
0.221064
0.220644
0.221108
0.220706
0.220338
0.219872
0.219789
0.220028
0.219855
0.2197
0.219586
0.219538
0.219347
0.220117
0.248434
0.2453
0.242424
0.240083
0.237681
0.235807
0.233794
0.232373
0.23105
0.230002
0.229773
0.229052
0.228054
0.227085
0.226086
0.225058
0.224261
0.223496
0.223024
0.222248
0.221732
0.222113
0.221607
0.220944
0.220389
0.219995
0.220155
0.220117
0.219827
0.219515
0.218907
0.219279
0.219694
0.219283
0.218858
0.218659
0.246764
0.243803
0.240856
0.238255
0.235787
0.233712
0.231755
0.231108
0.23
0.255106
0.251106
0.247313
0.244057
0.241565
0.258452
0.254107
0.250162
0.246567
0.264509
0.259562
0.25511
0.251019
0.247383
0.244024
0.241126
0.238507
0.236586
0.234364
0.232243
0.231355
0.229618
0.227981
0.226348
0.225217
0.223994
0.222977
0.222104
0.221247
0.220524
0.219623
0.219984
0.219247
0.218701
0.21813
0.21864
0.218114
0.217778
0.217264
0.217451
0.216941
0.21757
0.218088
0.218603
0.218192
0.217669
0.217224
0.216836
0.216592
0.216414
0.216197
0.215681
0.215249
0.216047
0.215684
0.215274
0.215395
0.215135
0.214915
0.214518
0.21416
0.2138
0.213505
0.232974
0.231795
0.229802
0.227933
0.226333
0.224951
0.223688
0.222618
0.221793
0.220913
0.219961
0.219264
0.219581
0.218928
0.21813
0.217616
0.217563
0.216997
0.216392
0.215847
0.215511
0.215207
0.214887
0.215516
0.215216
0.214949
0.214664
0.214458
0.214145
0.21403
0.213721
0.213421
0.213208
0.212931
0.213599
0.213228
0.213025
0.213006
0.212809
0.212623
0.212609
0.212445
0.212295
0.337418
0.449903
0.427031
0.405627
0.386159
0.369252
0.353424
0.339144
0.326359
0.314728
0.304311
0.295794
0.287347
0.280741
0.273876
0.267663
0.262164
0.257154
0.252427
0.248317
0.245572
0.242301
0.239575
0.236696
0.235145
0.232619
0.230413
0.228303
0.226535
0.225795
0.224121
0.222682
0.221335
0.22028
0.219743
0.219705
0.218944
0.218128
0.217387
0.216538
0.216424
0.215741
0.215092
0.214472
0.214052
0.213537
0.214292
0.213679
0.213287
0.212982
0.212647
0.231645
0.229373
0.227364
0.226541
0.224844
0.22331
0.222896
0.221473
0.220401
0.219251
0.21826
0.217461
0.216637
0.215747
0.215174
0.214681
0.214749
0.215015
0.214435
0.213804
0.21332
0.212874
0.212681
0.212434
0.238723
0.235894
0.233194
0.231689
0.230322
0.228221
0.226116
0.224394
0.222844
0.221449
0.220226
0.219269
0.218033
0.217119
0.216265
0.216552
0.21562
0.215117
0.214681
0.214221
0.213688
0.213276
0.212857
0.212503
0.212254
0.211861
0.212588
0.212219
0.212092
0.211666
0.211537
0.211269
0.211109
0.210836
0.210799
0.210734
0.21055
0.211229
0.336148
0.323461
0.312049
0.301734
0.292309
0.284055
0.276417
0.269713
0.290918
0.28277
0.276285
0.269751
0.263665
0.258412
0.253301
0.24886
0.24471
0.241106
0.237748
0.235067
0.23246
0.231531
0.249498
0.245386
0.241737
0.238306
0.235403
0.232727
0.23035
0.228134
0.226393
0.224563
0.224878
0.22328
0.221893
0.220715
0.219533
0.218527
0.217768
0.217086
0.326078
0.314494
0.304549
0.296049
0.287334
0.279647
0.272562
0.266304
0.260548
0.255574
0.250695
0.24672
0.242938
0.239738
0.23771
0.234998
0.232388
0.230244
0.228055
0.226212
0.224481
0.349898
0.33592
0.323393
0.312135
0.303741
0.294375
0.410336
0.390397
0.406448
0.386741
0.368944
0.352968
0.33842
0.325586
0.313763
0.324166
0.312597
0.302221
0.292888
0.284595
0.276859
0.269857
0.263557
0.25801
0.253099
0.375245
0.359461
0.344267
0.330554
0.318609
0.307427
0.297369
0.288339
0.280017
0.272739
0.265945
0.260013
0.255432
0.250487
0.245919
0.241839
0.238135
0.263409
0.257616
0.252385
0.247627
0.243373
0.239391
0.237077
0.23385
0.230945
0.228282
0.225934
0.223824
0.221947
0.220322
0.218869
0.217526
0.216365
0.216233
0.215384
0.214735
0.214138
0.213553
0.212854
0.212129
0.211719
0.211142
0.210508
0.210036
0.210383
0.209982
0.209464
0.209202
0.208762
0.208404
0.207996
0.207676
0.207388
0.207309
0.207077
0.318475
0.307223
0.29698
0.287993
0.279923
0.272577
0.266196
0.260089
0.254582
0.249694
0.245409
0.242548
0.238975
0.235967
0.232895
0.230351
0.228017
0.225945
0.224035
0.222496
0.220931
0.219507
0.21866
0.217479
0.216454
0.215532
0.214638
0.213859
0.213155
0.212524
0.212155
0.211771
0.211397
0.338805
0.325635
0.313782
0.303277
0.418357
0.39727
0.378251
0.361165
0.345576
0.331937
0.319307
0.309085
0.298826
0.289628
0.281161
0.273525
0.266809
0.260583
0.254998
0.250135
0.245406
0.241407
0.238364
0.235033
0.231846
0.229004
0.226385
0.224096
0.221756
0.219856
0.218069
0.341055
0.327078
0.315618
0.30413
0.293624
0.285164
0.276859
0.289218
0.280366
0.272925
0.265722
0.259527
0.253808
0.249727
0.244693
0.24032
0.236528
0.233345
0.230197
0.227535
0.225207
0.222805
0.220752
0.219003
0.218162
0.216426
0.214854
0.319755
0.30785
0.297136
0.287694
0.279011
0.271366
0.264383
0.258146
0.252812
0.247601
0.242706
0.238506
0.234604
0.231214
0.228042
0.225442
0.222808
0.220598
0.218772
0.217944
0.216022
0.214493
0.212993
0.211757
0.210492
0.209513
0.20846
0.207684
0.206794
0.316668
0.305885
0.29537
0.285903
0.277342
0.269678
0.2628
0.256385
0.357313
0.341617
0.327526
0.314716
0.304156
0.293667
0.284166
0.275765
0.268294
0.261532
0.255449
0.249834
0.244899
0.240485
0.236303
0.233623
0.230248
0.227293
0.224433
0.222031
0.219713
0.217885
0.216139
0.21456
0.213133
0.213272
0.212755
0.211652
0.210557
0.209572
0.208528
0.315023
0.303434
0.293087
0.283849
0.275378
0.267706
0.261789
0.255476
0.249944
0.244816
0.2402
0.236039
0.232301
0.228936
0.225819
0.223163
0.220556
0.219348
0.217279
0.215791
0.213921
0.212394
0.210851
0.209631
0.208361
0.207278
0.206359
0.205937
0.206339
0.313842
0.301991
0.29167
0.282369
0.273991
0.266467
0.259676
0.253414
0.247939
0.243004
0.239593
0.235493
0.231793
0.22848
0.225356
0.222686
0.228066
0.22516
0.222305
0.220106
0.217756
0.216797
0.214804
0.21308
0.211433
0.210155
0.208919
0.208053
0.20709
0.228007
0.225046
0.222548
0.221164
0.218884
0.216669
0.215009
0.213217
0.31209
0.300574
0.290539
0.281332
0.273474
0.265992
0.260282
0.254152
0.248602
0.243556
0.239194
0.235121
0.23127
0.228008
0.2249
0.222263
0.219902
0.218802
0.237898
0.234178
0.230421
0.227245
0.224379
0.22173
0.219423
0.217333
0.215466
0.213894
0.213189
0.211896
0.210501
0.315915
0.304189
0.293636
0.284032
0.275556
0.267744
0.260749
0.25436
0.249811
0.244698
0.241323
0.236957
0.233095
0.229651
0.226516
0.223759
0.22123
0.219059
0.216814
0.216038
0.214181
0.21275
0.211187
0.209934
0.208762
0.207751
0.2068
0.236325
0.232558
0.228976
0.226916
0.223908
0.221239
0.21875
0.216405
0.21463
0.212828
0.318521
0.30633
0.295399
0.285629
0.277776
0.26981
0.263517
0.256928
0.250896
0.245672
0.240766
0.236526
0.232653
0.229199
0.225735
0.223872
0.221116
0.21865
0.21641
0.21443
0.212443
0.210757
0.209137
0.207891
0.206571
0.205574
0.205497
0.204608
0.203574
0.202753
0.223239
0.2496
0.244109
0.239487
0.23517
0.231384
0.227708
0.225049
0.222061
0.219462
0.217019
0.215045
0.213119
0.211468
0.209767
0.208592
0.207272
0.206206
0.206065
0.205081
0.204016
0.20307
0.202104
0.20134
0.200275
0.199345
0.198371
0.197663
0.196943
0.197322
0.19679
0.196145
0.195372
0.194939
0.194334
0.29901
0.287982
0.278231
0.269454
0.261977
0.2556
0.24909
0.243103
0.237906
0.233162
0.228924
0.225068
0.22149
0.218397
0.21544
0.212952
0.211561
0.209528
0.208598
0.206979
0.205123
0.20382
0.202222
0.201213
0.199933
0.198893
0.197846
0.197946
0.196926
0.196116
0.195183
0.194759
0.19392
0.193216
0.19263
0.192363
0.191763
0.191272
0.19177
0.191275
0.190784
0.190541
0.190124
0.189914
0.189595
0.313586
0.300864
0.396739
0.375632
0.357729
0.340536
0.32524
0.311267
0.298982
0.287653
0.277678
0.26841
0.27946
0.270151
0.261843
0.255671
0.248907
0.242615
0.23699
0.231807
0.331506
0.316906
0.30431
0.292515
0.281901
0.272328
0.264756
0.256924
0.249868
0.243518
0.237771
0.232736
0.2281
0.224042
0.220073
0.216702
0.213547
0.211844
0.209216
0.207008
0.204944
0.328162
0.313877
0.301126
0.289445
0.279138
0.269656
0.261525
0.254829
0.247983
0.241821
0.236414
0.231358
0.22698
0.223041
0.21954
0.216005
0.212894
0.210037
0.208623
0.206398
0.204501
0.202562
0.200962
0.199461
0.198293
0.197289
0.196226
0.195419
0.194552
0.194656
0.193792
0.19318
0.192506
0.192004
0.19144
0.190933
0.190505
0.190181
0.1898
0.19018
0.190842
0.190395
0.190091
0.189623
0.189329
0.188896
0.188646
0.188389
0.188149
0.187964
0.188419
0.189228
0.189902
0.189565
0.189245
0.188804
0.188624
0.188264
0.292318
0.281752
0.358844
0.341596
0.327299
0.31423
0.301636
0.290278
0.280006
0.270748
0.262335
0.254425
0.248515
0.242445
0.23683
0.232463
0.227828
0.223838
0.220091
0.217381
0.241138
0.235517
0.251002
0.244337
0.238326
0.232925
0.228887
0.224421
0.220615
0.217143
0.213707
0.210886
0.20846
0.206059
0.20368
0.201741
0.19998
0.199435
0.197808
0.196619
0.195229
0.194141
0.193159
0.192429
0.191615
0.217957
0.214494
0.211682
0.20997
0.20743
0.205065
0.203048
0.201159
0.199517
0.197997
0.196789
0.195542
0.194625
0.193716
0.193801
0.19268
0.192049
0.191093
0.190557
0.189767
0.189222
0.188754
0.188333
0.187932
0.187571
0.188113
0.214972
0.211734
0.209012
0.206543
0.204436
0.202334
0.200533
0.199091
0.19763
0.196299
0.196115
0.194904
0.194255
0.193287
0.192493
0.191624
0.191303
0.190736
0.190261
0.189539
0.189161
0.189493
0.189014
0.18834
0.187912
0.187527
0.187412
0.187077
0.186871
0.186463
0.186312
0.186113
0.186958
0.18664
0.186408
0.186215
0.186022
0.185887
0.185827
0.185698
0.185634
0.185397
0.18536
0.186168
0.186178
0.185992
0.185928
0.185802
0.185692
0.185497
0.185428
0.185358
0.185459
0.185451
0.185952
0.185808
0.185864
0.185703
0.185642
0.185625
0.185562
0.185553
0.185631
0.1855
0.185587
0.213303
0.210661
0.208081
0.20591
0.203767
0.201976
0.200239
0.198852
0.197383
0.196243
0.195003
0.194981
0.193924
0.193034
0.192361
0.191749
0.190997
0.19054
0.189889
0.189486
0.188947
0.188615
0.18921
0.188859
0.188405
0.187996
0.187766
0.187626
0.187296
0.18719
0.187086
0.186953
0.18676
0.187607
0.187307
0.187133
0.186852
0.186781
0.186535
0.207619
0.205523
0.203607
0.201679
0.200087
0.199125
0.197849
0.196531
0.195924
0.19478
0.19391
0.192977
0.192226
0.191656
0.191079
0.190458
0.191009
0.190497
0.190279
0.189888
0.189536
0.189014
0.188647
0.188215
0.188644
0.188193
0.188033
0.188599
0.188376
0.188082
0.18784
0.187408
0.187244
0.186958
0.186867
0.186734
0.186527
0.186307
0.187148
0.186865
0.208489
0.205947
0.203989
0.202039
0.200337
0.198815
0.197551
0.196228
0.195127
0.195058
0.194176
0.193171
0.192907
0.191818
0.190905
0.190118
0.189442
0.188885
0.188429
0.187842
0.188514
0.187691
0.187354
0.186846
0.186398
0.185998
0.185626
0.185181
0.185012
0.184709
0.184552
0.185348
0.18504
0.184764
0.184569
0.184198
0.184063
0.183846
0.204242
0.202035
0.200129
0.198344
0.197761
0.196212
0.194818
0.193454
0.192464
0.191384
0.19053
0.189705
0.189048
0.18838
0.18798
0.188427
0.209517
0.206802
0.204554
0.202271
0.200396
0.198581
0.197151
0.195545
0.194423
0.193207
0.19333
0.192192
0.191559
0.190742
0.1901
0.189426
0.18872
0.188075
0.187594
0.187017
0.186715
0.187135
0.187068
0.186585
0.186208
0.186042
0.18587
0.18615
0.185967
0.1857
0.185504
0.185146
0.186014
0.185639
0.185517
0.185234
0.185018
0.184945
0.184863
0.184617
0.184507
0.184482
0.185224
0.185851
0.185531
0.185212
0.185727
0.185433
0.18528
0.185168
0.185083
0.18469
0.184653
0.184261
0.185739
0.185265
0.185103
0.184788
0.184693
0.184573
0.184374
0.184164
0.184209
0.184015
0.184045
0.184857
0.184874
0.184639
0.184607
0.184374
0.184343
0.184136
0.183959
0.18379
0.184342
0.184135
0.186023
0.215068
0.231865
0.226929
0.222565
0.218373
0.214753
0.211505
0.208636
0.205795
0.203443
0.202154
0.200329
0.198386
0.196816
0.195346
0.194083
0.192902
0.191839
0.190882
0.190066
0.189284
0.189632
0.189046
0.188523
0.187901
0.187459
0.186966
0.187726
0.18718
0.186862
0.186403
0.186038
0.186509
0.186172
0.185798
0.185682
0.185341
0.185162
0.185497
0.185175
0.184916
0.184857
0.184602
0.185409
0.185095
0.185142
0.184894
0.184635
0.18444
0.184319
0.184137
0.203816
0.201863
0.200134
0.199478
0.197949
0.196401
0.195801
0.194448
0.194059
0.192887
0.192145
0.191174
0.190367
0.189669
0.298514
0.287062
0.276788
0.267343
0.259002
0.25139
0.24451
0.238347
0.2332
0.228108
0.224343
0.220978
0.217312
0.213821
0.211213
0.208409
0.206377
0.204021
0.202048
0.20015
0.198423
0.196808
0.196567
0.195135
0.193948
0.192956
0.211305
0.226629
0.222353
0.218345
0.215589
0.212277
0.209462
0.207623
0.205174
0.202884
0.201069
0.199189
0.197677
0.197138
0.195856
0.194498
0.19333
0.192301
0.192479
0.191477
0.190758
0.18991
0.189322
0.18869
0.188132
0.187523
0.187177
0.208348
0.206969
0.205562
0.20346
0.201511
0.199792
0.19818
0.196839
0.195485
0.1945
0.193312
0.192422
0.191596
0.192027
0.191256
0.190563
0.189938
0.189367
0.188798
0.188312
0.187913
0.187634
0.18727
0.186978
0.187564
0.187233
0.187127
0.186847
0.187208
0.186977
0.186647
0.186399
0.186181
0.186001
0.185833
0.186597
0.186209
0.186033
0.185856
0.186905
0.186647
0.186414
0.186205
0.186016
0.186019
0.185968
0.186862
0.186685
0.186458
0.186244
0.185965
0.185772
0.205083
0.20316
0.201257
0.199576
0.224674
0.221577
0.217733
0.214452
0.211397
0.208734
0.206267
0.204153
0.202022
0.20037
0.198765
0.1975
0.197078
0.195821
0.194662
0.193749
0.192806
0.192105
0.191323
0.190626
0.190104
0.189571
0.189046
0.208352
0.205872
0.20388
0.201918
0.200203
0.198611
0.197304
0.196041
0.194869
0.193814
0.192979
0.19301
0.192141
0.19148
0.190764
0.190081
0.189505
0.188865
0.188411
0.187838
0.188427
0.18794
0.188419
0.18784
0.187539
0.18722
0.187154
0.186983
0.186889
0.186655
0.186473
0.186053
0.185978
0.186955
0.186708
0.186392
0.186252
0.185937
0.185846
0.185872
0.1859
0.185745
0.185746
0.185447
0.186377
0.186172
0.186054
0.185871
0.185716
0.185576
0.185514
0.185373
0.185447
0.185398
0.185905
0.186626
0.186395
0.186367
0.186268
0.186073
0.186093
0.185785
0.185808
0.185659
0.185691
0.185782
0.186685
0.186439
0.1864
0.186262
0.186231
0.186037
0.185865
0.185711
0.185776
0.185749
0.185657
0.186116
0.185936
0.185419
0.185348
0.185027
0.184704
0.184656
0.184715
0.184314
0.184327
0.184327
0.185052
0.185069
0.185151
0.185068
0.185194
0.185107
0.185204
0.185093
0.185154
0.18507
0.185043
0.18579
0.185618
0.185501
0.185203
0.184705
0.184523
0.184125
0.18394
0.183655
0.18351
0.183181
0.184054
0.183671
0.183505
0.183177
0.18309
0.182816
0.182659
0.204499
0.202295
0.200114
0.19833
0.197514
0.19599
0.194413
0.193071
0.191899
0.192165
0.190971
0.190104
0.189116
0.188432
0.187662
0.188086
0.1873
0.186746
0.186094
0.185584
0.185048
0.184674
0.184274
0.184083
0.183697
0.183542
0.184455
0.184237
0.18389
0.183728
0.183394
0.183294
0.183179
0.183089
0.182802
0.182739
0.182661
0.183508
0.183285
0.183184
0.183042
0.182923
0.182503
0.182464
0.182233
0.182237
0.182036
0.182059
0.182894
0.182719
0.182579
0.182535
0.182346
0.18238
0.182328
0.182312
0.182104
0.182159
0.182036
0.183026
0.182896
0.182866
0.182784
0.182889
0.182828
0.182772
0.182825
0.182772
0.182537
0.182715
0.183496
0.183374
0.183075
0.182995
0.182849
0.182778
0.182673
0.182684
0.182672
0.183362
0.183371
0.184163
0.18377
0.183697
0.183503
0.183415
0.183134
0.184027
0.183701
0.183578
0.183284
0.183298
0.18419
0.184152
0.1839
0.183904
0.183741
0.183658
0.183478
0.183405
0.183282
0.183191
0.182968
0.183922
0.214112
0.210877
0.208871
0.206224
0.203765
0.201622
0.19962
0.197885
0.196186
0.194798
0.194774
0.193511
0.192329
0.1915
0.190577
0.189746
0.189111
0.189144
0.1883
0.187697
0.187075
0.187618
0.18701
0.186652
0.186185
0.185813
0.185663
0.185443
0.185164
0.184894
0.184785
0.184563
0.185281
0.185022
0.184596
0.184364
0.1841
0.183946
0.183692
0.183579
0.183621
0.183522
0.183342
0.184874
0.18461
0.184396
0.184183
0.184015
0.183728
0.183615
0.183461
0.183377
0.183267
0.183318
0.184208
0.18422
0.18398
0.183934
0.183704
0.183583
0.183452
0.183232
0.183075
0.183139
0.18294
0.183939
0.183772
0.183622
0.183487
0.183749
0.183467
0.183354
0.183156
0.18318
0.182926
0.182976
0.183731
0.183627
0.183507
0.183467
0.183283
0.183195
0.18324
0.183236
0.183124
0.183196
0.183087
0.18403
0.183956
0.183945
0.183777
