0.603337
0.599564
0.596788
0.615752
0.611316
0.607119
0.630577
0.625068
0.620084
0.637318
0.62997
0.622144
0.616717
0.724005
0.70731
0.693309
0.681322
0.669305
0.659165
0.649978
0.641758
0.634516
0.627215
0.621319
0.643523
0.63688
0.630053
0.623825
0.617785
0.633315
0.627123
0.642644
0.634553
0.650355
0.643687
0.635792
0.629125
0.643627
0.636403
0.629694
0.623573
0.618841
0.612554
0.608156
0.604051
0.599966
0.621137
0.615827
0.610564
0.606692
0.602739
0.620686
0.615507
0.610686
0.606552
0.6015
0.598204
0.595305
0.592649
0.590673
0.611955
0.608513
0.603982
0.600313
0.597207
0.615559
0.610845
0.606468
0.602986
0.62055
0.615541
0.610845
0.606899
0.602939
0.59958
0.596351
0.59365
0.591146
0.588928
0.586924
0.584798
0.583279
0.58128
0.59872
0.594963
0.592197
0.589707
0.610246
0.62686
0.620971
0.615891
0.611288
0.625314
0.619752
0.61459
0.610065
0.606179
0.602665
0.599554
0.596363
0.593456
0.617061
0.612245
0.607932
0.603878
0.600236
0.617627
0.612715
0.608292
0.60432
0.601184
0.597971
0.595032
0.592258
0.589775
0.612717
0.608614
0.603407
0.619661
0.614604
0.631812
0.625687
0.619845
0.614375
0.628602
0.622267
0.616929
0.611966
0.607518
0.623118
0.616384
0.610451
0.606325
0.62966
0.623219
0.617703
0.612631
0.608123
0.624469
0.618697
0.613794
0.609349
0.605278
0.600888
0.598348
0.595124
0.612489
0.629425
0.624323
0.619372
0.613982
0.634709
0.766428
0.746675
0.728724
0.712581
0.719631
0.704074
0.689987
0.678127
0.667377
0.787074
0.765439
0.745461
0.727792
0.711832
0.697894
0.685893
0.674238
0.663528
0.674586
0.664267
0.653536
0.644458
0.637071
0.631719
0.644813
0.636671
0.629365
0.644288
0.637811
0.63035
0.62487
0.619042
0.614191
0.60969
0.605457
0.601391
0.619982
0.614883
0.610147
0.6059
0.601425
0.598153
0.594027
0.591249
0.588447
0.607004
0.602828
0.599627
0.596394
0.59334
0.717549
0.702501
0.68899
0.696481
0.709828
0.717489
0.702674
0.689056
0.677037
0.685487
0.695786
0.682937
0.671575
0.6614
0.779375
0.758781
0.739326
0.721998
0.730832
0.714113
0.69964
0.686437
0.674555
0.683871
0.672601
0.661097
0.651688
0.643249
0.76255
0.743434
0.725967
0.709723
0.696373
0.684019
0.69267
0.680401
0.669091
0.677948
0.692588
0.680683
0.66914
0.658898
0.670422
0.659793
0.650681
0.642253
0.634466
0.628965
0.623089
0.617311
0.61231
0.628656
0.622725
0.617243
0.612293
0.60795
0.624774
0.618476
0.613291
0.608675
0.604301
0.60101
0.597645
0.59597
0.612968
0.627857
0.621846
0.637604
0.630765
0.624444
0.61909
0.6141
0.609746
0.604682
0.620943
0.616468
0.611755
0.607358
0.603172
0.619044
0.614263
0.609579
0.605562
0.601761
0.5985
0.595568
0.592843
0.589437
0.586878
0.584987
0.583378
0.581805
0.579944
0.598177
0.617364
0.612357
0.607995
0.604194
0.600735
0.597583
0.595012
0.591728
0.589855
0.587826
0.585875
0.584001
0.583291
0.582031
0.689716
0.677678
0.666973
0.65762
0.648792
0.640569
0.633242
0.62681
0.620795
0.61565
0.611019
0.606212
0.602314
0.617849
0.612617
0.608485
0.604395
0.600877
0.598054
0.595183
0.61386
0.609222
0.605235
0.601508
0.59848
0.595343
0.592487
0.615843
0.611334
0.60693
0.603171
0.599977
0.616396
0.611483
0.607422
0.603682
0.600238
0.597149
0.594333
0.592145
0.589865
0.58764
0.584786
0.583456
0.581799
0.580348
0.598666
0.615615
0.610345
0.606213
0.602663
0.599459
0.73223
0.715954
0.701341
0.687783
0.675847
0.665155
0.655446
0.646416
0.638709
0.631696
0.625605
0.619831
0.614744
0.610303
0.606159
0.602478
0.59896
0.595589
0.592964
0.590704
0.588396
0.586471
0.584749
0.583058
0.581607
0.579424
0.601673
0.598645
0.595395
0.592467
0.589841
0.587519
0.585039
0.58346
0.582045
0.58057
0.598085
0.59458
0.591925
0.58929
0.586841
0.604124
0.600646
0.597596
0.594758
0.592386
0.590697
0.588561
0.585993
0.584123
0.582037
0.581197
0.580204
0.580407
0.579119
0.578096
0.59997
0.597064
0.594244
0.591735
0.615915
0.62928
0.623287
0.617876
0.612921
0.732474
0.716404
0.70148
0.687217
0.675241
0.664277
0.654783
0.646035
0.638161
0.651708
0.643523
0.636098
0.629257
0.623211
0.63769
0.631281
0.625478
0.62052
0.615559
0.611223
0.606401
0.602494
0.619588
0.63361
0.627273
0.621685
0.616451
0.611536
0.606891
0.603056
0.599567
0.59634
0.593403
0.591346
0.589504
0.587488
0.585469
0.584113
0.582757
0.581256
0.579876
0.578618
0.596926
0.594372
0.59187
0.589483
0.588493
0.586443
0.584734
0.583086
0.581609
0.580575
0.601116
0.596879
0.594257
0.591561
0.615144
0.632327
0.626256
0.620482
0.615144
0.610538
0.606185
0.602149
0.598664
0.595527
0.592922
0.591789
0.589359
0.58715
0.5852
0.583153
0.58143
0.578874
0.596734
0.594145
0.591649
0.588884
0.586789
0.584395
0.582481
0.582213
0.581096
0.579662
0.597676
0.595457
0.592737
0.590603
0.606294
0.623899
0.618168
0.613122
0.608917
0.624758
0.618471
0.613389
0.608793
0.604848
0.601502
0.704299
0.690599
0.677565
0.665898
0.656194
0.647343
0.639588
0.632768
0.626426
0.62099
0.615819
0.610966
0.606596
0.622007
0.616865
0.612155
0.607333
0.603675
0.619234
0.720126
0.705039
0.691482
0.679476
0.669061
0.65885
0.649899
0.641748
0.634507
0.627895
0.621835
0.616362
0.611638
0.62697
0.62131
0.616113
0.611603
0.607121
0.623222
0.617834
0.612716
0.607969
0.603902
0.600856
0.597522
0.594605
0.592159
0.607654
0.621909
0.616531
0.611473
0.607017
0.627726
0.642042
0.634993
0.628463
0.622353
0.617327
0.630756
0.624573
0.618734
0.613788
0.609753
0.605348
0.601542
0.598291
0.595249
0.59246
0.589947
0.587682
0.586667
0.584967
0.583561
0.58196
0.580356
0.579258
0.59892
0.596212
0.593519
0.591194
0.589662
0.61364
0.628128
0.623088
0.617535
0.614354
0.610407
0.606486
0.602903
0.598491
0.595484
0.593458
0.590842
0.588692
0.586553
0.584832
0.582829
0.581199
0.579943
0.578771
0.598308
0.595607
0.592945
0.589356
0.587339
0.604765
0.601018
0.597752
0.594911
0.592559
0.612663
0.608603
0.604665
0.600982
0.59762
0.614658
0.610094
0.605872
0.603368
0.600043
0.598387
0.595073
0.592305
0.589814
0.60706
0.602469
0.597928
0.594864
0.591919
0.590071
0.588024
0.586044
0.583135
0.582771
0.581626
0.580501
0.57959
0.578696
0.577352
0.576484
0.59584
0.593069
0.590735
0.607002
0.625572
0.620356
0.615207
0.610572
0.625633
0.619813
0.615134
0.6105
0.60618
0.603248
0.599858
0.596669
0.594
0.59238
0.590076
0.589027
0.587673
0.585568
0.583888
0.582354
0.581145
0.580033
0.578599
0.597744
0.59491
0.592331
0.589965
0.587916
0.586059
0.584522
0.581775
0.578654
0.577691
0.598491
0.614271
0.609753
0.60559
0.60226
0.597679
0.593844
0.591394
0.58884
0.586887
0.5852
0.583371
0.581764
0.580727
0.598919
0.596685
0.59374
0.591131
0.588747
0.605885
0.60274
0.599324
0.596438
0.593568
0.591555
0.589334
0.606996
0.602997
0.617859
0.632259
0.626979
0.621532
0.616143
0.629355
0.623763
0.61828
0.612999
0.608432
0.624577
0.619
0.613397
0.60817
0.604197
0.72595
0.710309
0.696232
0.683274
0.672089
0.662019
0.652851
0.644884
0.637161
0.63051
0.624394
0.6183
0.613091
0.60974
0.605979
0.707848
0.694014
0.681524
0.670716
0.680252
0.688173
0.676085
0.665337
0.655639
0.674254
0.663795
0.654145
0.645735
0.638067
0.631234
0.624702
0.619157
0.614089
0.609307
0.605199
0.601374
0.598196
0.595394
0.613116
0.608738
0.604437
0.600122
0.596733
0.614884
0.610484
0.628693
0.622758
0.618236
0.740499
0.723588
0.708016
0.69422
0.681767
0.670538
0.661097
0.651877
0.64347
0.636057
0.629171
0.624107
0.618612
0.613275
0.608492
0.604523
0.600774
0.597462
0.594583
0.592158
0.589928
0.588074
0.586201
0.584144
0.582178
0.580754
0.579552
0.578531
0.577667
0.576835
0.57629
0.575525
0.575125
0.597331
0.615146
0.610096
0.606037
0.602182
0.598898
0.595811
0.592985
0.590621
0.5881
0.585773
0.584028
0.582355
0.581098
0.579757
0.578715
0.57678
0.576011
0.575232
0.574627
0.57487
0.574289
0.573794
0.573388
0.573578
0.573769
0.573068
0.572727
0.572389
0.593032
0.58952
0.587912
0.586059
0.584342
0.709934
0.69591
0.683276
0.671883
0.66151
0.652089
0.64393
0.636474
0.629726
0.62355
0.618299
0.612789
0.608445
0.604381
0.622381
0.617119
0.612342
0.607786
0.604147
0.620369
0.615269
0.610581
0.60687
0.603156
0.621279
0.616747
0.612007
0.607741
0.603696
0.618488
0.636249
0.629763
0.623593
0.617759
0.613308
0.630006
0.624151
0.618645
0.613817
0.610189
0.606719
0.602981
0.59949
0.596392
0.594145
0.591665
0.589404
0.587315
0.585722
0.58404
0.582384
0.581141
0.579962
0.579105
0.578554
0.577508
0.576285
0.575431
0.574883
0.575168
0.574841
0.595386
0.592782
0.615235
0.633379
0.627023
0.62146
0.617391
0.634183
0.628313
0.622455
0.617144
0.612178
0.608324
0.60423
0.600742
0.59757
0.595995
0.593785
0.591341
0.588952
0.587004
0.585248
0.583862
0.582644
0.581179
0.579814
0.579378
0.578384
0.57733
0.576576
0.575853
0.57604
0.596091
0.593416
0.590804
0.588453
0.615253
0.720406
0.705232
0.69188
0.679409
0.689907
0.804679
0.781373
0.759351
0.738917
0.741265
0.723746
0.708281
0.694272
0.681619
0.689307
0.676334
0.665568
0.65561
0.646996
0.639212
0.631457
0.625156
0.617725
0.612695
0.734421
0.71808
0.703088
0.689918
0.677905
0.685757
0.67432
0.663774
0.654331
0.645644
0.659508
0.650335
0.642111
0.634086
0.627611
0.622652
0.617116
0.612134
0.60765
0.603813
0.600165
0.598488
0.595573
0.592758
0.590417
0.588514
0.586393
0.584768
0.583222
0.603598
0.600172
0.597134
0.59415
0.591539
0.611857
0.607605
0.603677
0.600244
0.59693
0.617729
0.613045
0.608617
0.605304
0.601692
0.598764
0.595822
0.593155
0.590605
0.588402
0.586518
0.584462
0.58288
0.581475
0.579971
0.579318
0.578365
0.577392
0.576421
0.57571
0.575646
0.574805
0.574083
0.57358
0.573406
0.573
0.572852
0.591957
0.589606
0.605999
0.60251
0.599222
0.597053
0.594487
0.61221
0.607936
0.604077
0.600639
0.597327
0.594641
0.59204
0.589566
0.587381
0.585494
0.583722
0.581724
0.580646
0.579682
0.577829
0.577886
0.57725
0.57628
0.575356
0.57479
0.574159
0.574273
0.573601
0.57297
0.572812
0.572875
0.573812
0.573352
0.57259
0.571446
0.571322
0.571342
0.571347
0.571348
0.5711
0.570428
0.571129
0.570746
0.570478
0.570371
0.570089
0.570008
0.569737
0.568606
0.568235
0.56826
0.567763
0.567771
0.567557
0.567717
0.567531
0.567251
0.567051
0.567446
0.567636
0.567989
0.568134
0.568479
0.568115
0.567911
0.593203
0.590853
0.58897
0.587008
0.585145
0.58401
0.581731
0.58069
0.58018
0.579314
0.578317
0.578316
0.577111
0.576334
0.575031
0.573889
0.573415
0.573056
0.572743
0.572336
0.571832
0.572399
0.571895
0.571323
0.571071
0.570825
0.571108
0.570727
0.570794
0.571583
0.571686
0.571599
0.571373
0.570965
0.570595
0.570387
0.570283
0.57039
0.570081
0.569975
0.570072
0.570204
0.569913
0.569565
0.56953
0.569809
0.570547
0.570222
0.569929
0.569531
0.569461
0.56945
0.568854
0.568698
0.569095
0.569315
0.569318
0.569442
0.568818
0.568871
0.587932
0.586122
0.584805
0.583512
0.582601
0.58148
0.580266
0.579545
0.577495
0.57668
0.576173
0.657145
0.648221
0.640333
0.633109
0.627318
0.621319
0.61593
0.611172
0.606785
0.602836
0.599522
0.595275
0.591248
0.588882
0.586928
0.585061
0.583505
0.581884
0.580426
0.578898
0.57841
0.577478
0.576664
0.576547
0.575564
0.574932
0.573154
0.572447
0.57246
0.572315
0.572178
0.571792
0.571275
0.570608
0.570315
0.570161
0.570079
0.569801
0.569883
0.569836
0.569671
0.569664
0.569632
0.569382
0.569459
0.569332
0.569333
0.569331
0.569604
0.570445
0.570335
0.570188
0.569899
0.56985
0.569985
0.570394
0.591179
0.589149
0.587373
0.585548
0.584068
0.581982
0.580807
0.579469
0.577775
0.576874
0.575916
0.575256
0.57405
0.573375
0.573193
0.572421
0.572113
0.571676
0.571504
0.571083
0.570797
0.570732
0.570212
0.569645
0.569407
0.569321
0.569269
0.569628
0.569094
0.568665
0.568806
0.568844
0.569099
0.569123
0.568736
0.568473
0.568679
0.569501
0.56969
0.569543
0.569338
0.569367
0.569355
0.569658
0.56938
0.571015
0.570992
0.570827
0.570228
0.570139
0.569855
0.569628
0.569846
0.569844
0.569375
0.569499
0.569346
0.569551
0.569876
0.569202
0.568109
0.568207
0.56865
0.568924
0.569161
0.569589
0.569565
0.569383
0.569593
0.569754
0.569985
0.569422
0.569824
0.569772
0.569934
0.569318
0.568911
0.5689
0.568945
0.568809
0.568859
0.568917
0.568454
0.567628
0.567633
0.567612
0.567702
0.568657
0.568882
0.569517
0.568649
0.568718
0.569011
0.569009
0.569232
0.56914
0.569026
0.568969
0.570014
0.569889
0.569825
0.569569
0.569547
0.569472
0.569296
0.569096
0.568785
0.568998
0.56868
0.568699
0.568763
0.568732
0.568793
0.569002
0.568997
0.56885
0.568697
0.568557
0.56821
0.568932
0.568563
0.5686
0.568581
0.568751
0.56888
0.568927
0.568482
0.568607
0.56869
0.56855
0.568819
0.568871
0.569123
0.569008
0.568561
0.568451
0.568595
0.568621
0.569094
0.569106
0.569123
0.56879
0.568202
0.56752
0.567699
0.567857
0.568121
0.568285
0.567719
0.568291
0.568447
0.568464
0.568699
0.568949
0.568908
0.568952
0.568959
0.569071
0.569038
0.568966
0.569004
0.568833
0.56995
0.56948
0.569604
0.569558
0.569521
0.569686
0.569648
0.569554
0.569526
0.569575
0.56993
0.569667
0.569487
0.569268
0.56948
0.568513
0.568187
0.568091
0.568216
0.568092
0.568211
0.56812
0.568105
0.5674
0.568602
0.568996
0.569047
0.569163
0.569124
0.569472
0.569981
0.571725
0.571717
0.571282
0.571306
0.571276
0.571076
0.569844
0.568575
0.568712
0.569364
0.569237
0.56945
0.569353
0.569477
0.569259
0.569062
0.56909
0.569285
0.569317
0.569297
0.569168
0.569022
0.569873
0.570025
0.569612
0.569585
0.569542
0.569522
0.569504
0.568874
0.568748
0.568807
0.56898
0.569221
0.645787
0.638456
0.630639
0.624692
0.619157
0.614278
0.609695
0.60566
0.601824
0.598166
0.595354
0.592705
0.590337
0.587883
0.586029
0.584386
0.583135
0.581755
0.580495
0.579246
0.578073
0.577066
0.576322
0.575215
0.573463
0.573256
0.572823
0.572277
0.571779
0.571887
0.572043
0.571814
0.571362
0.571557
0.571336
0.57147
0.571363
0.571119
0.570561
0.570404
0.57016
0.570104
0.569968
0.570091
0.570186
0.570422
0.570541
0.570421
0.569523
0.569672
0.569425
0.569612
0.56938
0.570007
0.570145
0.56986
0.5693
0.569432
0.570387
0.570487
0.570399
0.570168
0.570086
0.570136
0.57007
0.570036
0.570335
0.57028
0.571601
0.571542
0.571344
0.571077
0.570593
0.570552
0.570338
0.570444
0.570129
0.569845
0.569783
0.569745
0.569532
0.569373
0.569034
0.569686
0.569587
0.569563
0.569269
0.569321
0.56932
0.569489
0.569475
0.569919
0.56989
0.570041
0.569446
0.569436
0.569372
0.569242
0.567617
0.568602
0.568689
0.568748
0.568933
0.569179
0.569288
0.569582
0.569478
0.569506
0.569695
0.569864
0.569611
0.569974
0.569044
0.569401
0.56919
0.568949
0.568599
0.568577
0.568644
0.569114
0.569339
0.568978
0.56881
0.569055
0.569493
0.569274
0.56923
0.569036
0.569243
0.569064
0.568913
0.568892
0.568528
0.568126
0.567838
0.568206
0.568218
0.568273
0.56823
0.568357
0.568251
0.567243
0.567412
0.567595
0.567684
0.567831
0.567944
0.56889
0.568651
0.567965
0.568122
0.568094
0.568424
0.568724
0.568837
0.568888
0.568104
0.568238
0.568755
0.568862
0.568808
0.569021
0.569258
0.569267
0.570107
0.570072
0.56997
0.569924
0.569811
0.569566
0.569499
0.567967
0.568268
0.568375
0.568437
0.568285
0.568234
0.568754
0.569018
0.568868
0.568538
0.568571
0.56804
0.567918
0.5679
0.566339
0.566083
0.566844
0.566931
0.567223
0.567368
0.567547
0.568136
0.568404
0.568661
0.568694
0.568554
0.567609
0.567578
0.567108
0.567066
0.567454
0.56756
0.567943
0.567878
0.568066
0.568415
0.567874
0.567816
0.569102
0.569126
0.569289
0.569294
0.569069
0.569074
0.569511
0.569619
0.569591
0.569403
0.569199
0.569217
0.568084
0.568636
0.568815
0.568692
0.568757
0.568861
0.568704
0.568359
0.569254
0.569292
0.641387
0.634003
0.62731
0.621277
0.616202
0.678108
0.667257
0.658192
0.649496
0.641481
0.634293
0.627827
0.621793
0.61721
0.61244
0.607925
0.604493
0.601183
0.597794
0.595218
0.592506
0.589927
0.58664
0.585115
0.58373
0.582298
0.581137
0.579759
0.578734
0.577942
0.577047
0.576235
0.575399
0.573955
0.573609
0.573166
0.572845
0.572351
0.57205
0.571575
0.572411
0.572517
0.5722
0.571831
0.571704
0.571311
0.570993
0.570623
0.570508
0.57059
0.570517
0.570371
0.570393
0.570099
0.570056
0.569514
0.569132
0.569409
0.569723
0.570459
0.570447
0.570417
0.569593
0.569568
0.569664
0.569437
0.569018
0.569076
0.569292
0.569134
0.569359
0.569304
0.570127
0.57026
0.569963
0.57002
0.569952
0.569719
0.569857
0.569566
0.569739
0.569904
0.569643
0.569761
0.569373
0.569329
0.568614
0.568687
0.568778
0.568639
0.56871
0.568773
0.569035
0.569012
0.569173
0.56863
0.568877
0.568924
0.569302
0.568852
0.568914
0.569562
0.56954
0.56938
0.569312
0.56952
0.569093
0.56915
0.569166
0.569382
0.570038
0.569463
0.569454
0.569033
0.569679
0.570378
0.571312
0.571025
0.571174
0.571298
0.570837
0.57087
0.570894
0.570739
0.570638
0.570844
0.570717
0.571504
0.571231
0.571042
0.571038
0.570664
0.570532
0.570391
0.570286
0.570269
0.570272
0.569853
0.56977
0.570115
0.569939
0.5697
0.570004
0.56973
0.569822
0.569765
0.569617
0.56934
0.568317
0.568007
0.568259
0.570006
0.570189
0.57093
0.571869
0.571412
0.571061
0.570889
0.570764
0.570247
0.569546
0.56957
0.569228
0.569159
0.569011
0.569073
0.56912
0.569142
0.569156
0.570807
0.570081
0.570177
0.570164
0.570108
0.570108
0.569945
0.569901
0.569231
0.569258
0.568947
0.569191
0.569207
0.56922
0.56865
0.567517
0.567722
0.568294
0.568399
0.567859
0.567803
0.56733
0.567941
0.568081
0.567443
0.567489
0.567604
0.568188
0.568678
0.567515
0.567692
0.566177
0.565767
0.566058
0.566249
0.566354
0.567133
0.567379
0.567576
0.567762
0.56792
0.568258
0.568162
0.567701
0.567865
0.56793
0.567914
0.568089
0.567952
0.568031
0.568162
0.56869
0.568656
0.568114
0.568442
0.568769
0.568417
0.56769
0.567407
0.567684
0.567985
0.567909
0.568053
0.568054
0.567601
0.568559
0.568797
0.569012
0.568927
0.569161
0.568155
0.568507
0.568239
0.56833
0.568509
0.568551
0.568905
0.569339
0.568981
0.643565
0.636357
0.629659
0.623423
0.618424
0.613369
0.609028
0.605248
0.601658
0.598426
0.595518
0.593691
0.5911
0.588982
0.587018
0.585058
0.583692
0.582459
0.657128
0.64835
0.64027
0.633152
0.626701
0.620862
0.615656
0.610833
0.606684
0.602745
0.599357
0.596375
0.593614
0.591002
0.58905
0.587093
0.585318
0.583688
0.582049
0.580951
0.579768
0.578643
0.577598
0.577438
0.576542
0.575921
0.575171
0.57471
0.574141
0.573457
0.572498
0.572218
0.571687
0.57146
0.571357
0.570951
0.570896
0.570916
0.570762
0.572009
0.571826
0.571549
0.571466
0.571385
0.570394
0.57034
0.596493
0.594044
0.591724
0.590434
0.588443
0.586533
0.585118
0.583678
0.58245
0.581174
0.58018
0.579049
0.576222
0.575905
0.600917
0.597964
0.595102
0.592526
0.590208
0.588042
0.585682
0.58457
0.583015
0.58192
0.580477
0.579418
0.578283
0.577402
0.60265
0.599198
0.596373
0.593702
0.590664
0.588561
0.586518
0.584986
0.583422
0.582165
0.580969
0.580421
0.57811
0.577134
0.576349
0.575661
0.574597
0.573867
0.574029
0.572294
0.571458
0.570485
0.570492
0.594749
0.592573
0.590036
0.587966
0.586706
0.585101
0.5835
0.58234
0.580864
0.579047
0.578281
0.577432
0.576419
0.575567
0.574932
0.573269
0.57336
0.572856
0.59951
0.596682
0.594153
0.591672
0.589462
0.585712
0.584075
0.582865
0.581308
0.57998
0.578907
0.57781
0.576963
0.576339
0.602711
0.601045
0.597805
0.594754
0.591509
0.589174
0.587088
0.585471
0.583672
0.58224
0.581382
0.580124
0.578857
0.577871
0.603936
0.600477
0.597306
0.5941
0.59158
0.589414
0.587381
0.585427
0.583608
0.582287
0.706554
0.693448
0.680845
0.669676
0.659291
0.650296
0.642098
0.634209
0.627761
0.622066
0.616717
0.611177
0.606939
0.603167
0.599989
0.597065
0.593551
0.591949
0.590303
0.588351
0.586451
0.583927
0.582274
0.581185
0.580238
0.57896
0.577589
0.576764
0.575216
0.574613
0.574217
0.574658
0.573861
0.572593
0.572095
0.572435
0.572314
0.571813
0.571524
0.571399
0.570438
0.571353
0.571165
0.571031
0.570904
0.570703
0.570362
0.569236
0.56901
0.568874
0.569126
0.568908
0.5689
0.594672
0.591426
0.588994
0.587029
0.585292
0.583694
0.58208
0.580611
0.579689
0.579064
0.578144
0.577267
0.577291
0.576422
0.575682
0.59573
0.593079
0.590705
0.617036
0.611848
0.606849
0.603236
0.600051
0.596776
0.593069
0.59086
0.588545
0.586673
0.585398
0.583815
0.581824
0.58064
0.579446
0.578455
0.577422
0.577357
0.577157
0.576238
0.575687
0.575222
0.573879
0.592894
0.589886
0.587493
0.585473
0.584808
0.583466
0.581817
0.579546
0.57737
0.576446
0.575829
0.574975
0.574595
0.573702
0.571451
0.570777
0.570605
0.570347
0.570858
0.57087
0.570513
0.569743
0.569396
0.568773
0.568897
0.568737
0.568798
0.568737
0.568388
0.569303
0.569234
0.569245
0.709543
0.695728
0.683294
0.67067
0.660576
0.650838
0.642679
0.634802
0.629104
0.623218
0.617773
0.612959
0.608636
0.625391
0.619812
0.614749
0.610209
0.605975
0.602414
0.598874
0.595716
0.592487
0.589148
0.586157
0.584418
0.582882
0.581573
0.601195
0.597978
0.595114
0.590067
0.610603
0.626957
0.621147
0.615148
0.6318
0.624933
0.621013
0.615145
0.636357
0.6298
0.623722
0.618284
0.613473
0.607617
0.60386
0.600242
0.597751
0.623269
0.618244
0.613194
0.608672
0.604534
0.622244
0.616749
0.633721
0.62726
0.639664
0.632846
0.647584
0.639421
0.632045
0.626265
0.620579
0.615264
0.610016
0.730467
0.71374
0.699249
0.686131
0.703188
0.690402
0.678091
0.66715
0.656671
0.773795
0.753321
0.734248
0.717962
0.827168
0.801241
0.777332
0.756533
0.739248
0.740894
0.723944
0.707869
0.694017
0.709924
0.822157
0.798498
0.775637
0.781558
0.760423
0.740983
0.723752
0.708311
0.821192
0.796212
0.772795
0.752482
0.762572
0.742878
0.726344
0.710096
0.695928
0.685065
0.672856
0.661689
0.651786
0.642722
0.635372
0.628215
0.622325
0.635436
0.767016
0.74762
0.729597
0.713354
0.822435
0.797126
0.774968
0.753996
0.762888
0.743492
0.725892
0.710173
0.696036
0.682618
0.671905
0.66242
0.652725
0.644364
0.636862
0.630088
0.624302
0.619504
0.614846
0.609893
0.605735
0.60201
0.621476
0.635533
0.627698
0.621815
0.641278
0.655413
0.667072
0.657766
0.674933
0.664064
0.654397
0.646336
0.639252
0.632974
0.625837
0.620393
0.615083
0.62872
0.622783
0.617179
0.612134
0.634261
0.627945
0.622079
0.616709
0.611768
0.607526
0.603912
0.621345
0.61587
0.639451
0.653557
0.645104
0.637937
0.651046
0.642204
0.634918
0.628309
0.623043
0.617132
0.612968
0.608743
0.604931
0.729286
0.713477
0.698994
0.685824
0.674349
0.663906
0.654283
0.645642
0.63799
0.630665
0.624805
0.619227
0.614014
0.610654
0.60581
0.602429
0.59929
0.596276
0.613186
0.632079
0.625767
0.619936
0.614861
0.610303
0.606027
0.602442
0.59935
0.597018
0.594305
0.591892
0.589638
0.587826
0.585773
0.583925
0.582243
0.608748
0.604798
0.600779
0.597556
0.594434
0.592197
0.590487
0.608872
0.626219
0.6428
0.65547
0.646653
0.638922
0.630755
0.624614
0.618882
0.613723
0.628946
0.62288
0.617523
0.612379
0.634684
0.628153
0.622067
0.616587
0.611555
0.606921
0.603029
0.598845
0.596103
0.592812
0.590478
0.587747
0.586397
0.604967
0.621875
0.615994
0.611329
0.607105
0.624449
0.618923
0.613904
0.609406
0.605215
0.601832
0.598068
0.595122
0.592368
0.589944
0.58768
0.585638
0.582908
0.581695
0.580454
0.578895
0.577828
0.577216
0.576413
0.576298
0.575478
0.575184
0.574805
0.597945
0.595197
0.731466
0.715126
0.700391
0.687178
0.675228
0.664463
0.654923
0.646774
0.63898
0.631812
0.625357
0.619737
0.613788
0.60921
0.604983
0.601214
0.598383
0.595488
0.59208
0.589243
0.587039
0.585225
0.583208
0.581694
0.580228
0.579959
0.578843
0.57924
0.578302
0.596049
0.729843
0.712974
0.69806
0.684389
0.673025
0.662452
0.652994
0.64444
0.637036
0.63004
0.623765
0.618051
0.632432
0.626101
0.620835
0.615605
0.612016
0.607515
0.603753
0.600139
0.597031
0.594137
0.591603
0.589518
0.587674
0.605726
0.602308
0.597581
0.594758
0.612661
0.608384
0.604278
0.600932
0.597316
0.594723
0.591984
0.589713
0.587881
0.586053
0.583774
0.581307
0.579906
0.579055
0.577879
0.577089
0.575291
0.574565
0.574056
0.573687
0.573221
0.5921
0.589837
0.586559
0.584671
0.583177
0.581653
0.580303
0.579089
0.577769
0.576927
0.576114
0.575274
0.574594
0.574095
0.574573
0.573471
0.572985
0.572621
0.572255
0.57157
0.571962
0.59169
0.589193
0.587266
0.585295
0.583904
0.582653
0.580285
0.578986
0.578045
0.577616
0.576792
0.575654
0.576488
0.575812
0.575118
0.57454
0.574021
0.573553
0.573074
0.572701
0.572366
0.571849
0.571458
0.571224
0.570422
0.592189
0.589904
0.587599
0.585562
0.583892
0.582233
0.580125
0.578979
0.578429
0.578544
0.577723
0.576885
0.595341
0.593381
0.590792
0.588567
0.587374
0.585613
0.582997
0.581456
0.581406
0.581106
0.580134
0.5787
0.576958
0.576565
0.575612
0.574953
0.574392
0.5947
0.593259
0.590692
0.588528
0.606011
0.602316
0.598804
0.595039
0.591477
0.589126
0.587177
0.585311
0.583595
0.58153
0.5786
0.577469
0.57594
0.574666
0.573907
0.573329
0.573161
0.572737
0.572392
0.571856
0.571304
0.571499
0.571213
0.571026
0.572291
0.571792
0.571355
0.571154
0.570775
0.5705
0.569764
0.569517
0.569327
0.588458
0.586137
0.584314
0.582846
0.602334
0.59908
0.595601
0.59357
0.59214
0.58986
0.587776
0.585764
0.584186
0.581946
0.581003
0.579805
0.578964
0.577966
0.576899
0.575939
0.576121
0.575239
0.574656
0.574102
0.573492
0.573067
0.572865
0.572529
0.573029
0.572661
0.572124
0.571821
0.571496
0.590126
0.587948
0.586072
0.584425
0.582712
0.582713
0.580467
0.57915
0.578025
0.577112
0.576131
0.575241
0.573618
0.573347
0.573561
0.573123
0.572905
0.572549
0.572491
0.572746
0.572576
0.572665
0.571923
0.571461
0.571041
0.570423
0.570555
0.57069
0.570389
0.570816
0.570675
0.570337
0.570033
0.569759
0.569513
0.569602
0.56955
0.568688
0.568629
0.568713
0.568472
0.568511
0.56856
0.567204
0.567201
0.567799
0.56764
0.56783
0.567975
0.568112
0.568644
0.570471
0.570262
0.570155
0.570221
0.569903
0.569972
0.569781
0.569414
0.568066
0.568047
0.567972
0.568125
0.567428
0.567414
0.567307
0.56743
0.567468
0.567512
0.567689
0.567854
0.587254
0.585226
0.583549
0.582685
0.580717
0.579686
0.579029
0.578496
0.577465
0.576512
0.57569
0.574879
0.574531
0.57406
0.573588
0.57303
0.571432
0.570814
0.570667
0.570304
0.570144
0.57
0.568965
0.569412
0.568788
0.568712
0.568884
0.569705
0.569659
0.677525
0.666077
0.656403
0.647723
0.639271
0.632838
0.626489
0.620774
0.61549
0.610741
0.60672
0.603392
0.600029
0.596653
0.593679
0.591089
0.589938
0.587444
0.585422
0.583815
0.582377
0.581016
0.580966
0.579583
0.578559
0.577637
0.576805
0.576401
0.575695
0.575675
0.57565
0.575678
0.574939
0.574584
0.573984
0.592976
0.590245
0.588154
0.586069
0.584316
0.582592
0.581273
0.579786
0.579971
0.578882
0.577756
0.577398
0.576797
0.575594
0.574851
0.57415
0.573583
0.573498
0.572126
0.571848
0.571802
0.57163
0.571401
0.572056
0.571792
0.571512
0.571247
0.570692
0.570439
0.56992
0.570281
0.569983
0.569602
0.569535
0.569516
0.569514
0.569865
0.569173
0.569037
0.569266
0.569114
0.569137
0.568965
0.568802
0.568642
0.568382
0.568427
0.568468
0.567736
0.568041
0.568053
0.568208
0.568395
0.570051
0.569981
0.569735
0.569695
0.569651
0.569825
0.569754
0.569707
0.569472
0.569034
0.569132
0.568894
0.569758
0.568898
0.56867
0.568578
0.568718
0.568678
0.567926
0.567997
0.568017
0.568969
0.568862
0.56891
0.569027
0.569235
0.57147
0.571136
0.572185
0.572029
0.571773
0.571531
0.57176
0.571182
0.570829
0.57068
0.570284
0.570174
0.571115
0.570935
0.570578
0.570473
0.570156
0.570036
0.569736
0.569902
0.569609
0.568943
0.568983
0.569019
0.568642
0.568546
0.56852
0.568602
0.568705
0.568577
0.568449
0.567719
0.567651
0.567616
0.566826
0.566956
0.567195
0.567381
0.567404
0.56876
0.568594
0.568525
0.567657
0.56844
0.56822
0.568102
0.568249
0.568396
0.568872
0.568721
0.568754
0.568608
0.568682
0.568495
0.567751
0.568525
0.568402
0.568496
0.56852
0.568619
0.568691
0.568552
0.568938
0.568979
0.569204
0.569218
0.569128
0.569265
0.569273
0.56919
0.569411
0.568793
0.568643
0.568556
0.568635
0.59021
0.588059
0.58605
0.586428
0.584514
0.581941
0.580656
0.578718
0.576767
0.574962
0.574179
0.573491
0.57299
0.572469
0.572332
0.571697
0.571465
0.571083
0.571082
0.570531
0.569311
0.569315
0.568943
0.568951
0.569195
0.569393
0.569388
0.568155
0.568274
0.56767
0.567786
0.567779
0.568579
0.567858
0.567632
0.567592
0.566948
0.567118
0.566726
0.567064
0.567251
0.567255
0.567259
0.567327
0.567682
0.567644
0.567609
0.567578
0.567581
0.567777
0.566958
0.593251
0.591423
0.589059
0.587231
0.585442
0.584037
0.582763
0.581559
0.581025
0.580564
0.579452
0.577827
0.577183
0.576479
0.575795
0.5749
0.576044
0.575783
0.575191
0.574488
0.573973
0.57392
0.572387
0.572115
0.572206
0.571459
0.571711
0.571295
0.571439
0.571844
0.571511
0.570981
0.598711
0.595775
0.591282
0.588992
0.587027
0.585259
0.58384
0.582391
0.580062
0.579157
0.577606
0.576732
0.576402
0.575697
0.574037
0.573082
0.572497
0.572181
0.571706
0.571332
0.596781
0.593845
0.59121
0.588828
0.586873
0.585117
0.584007
0.582531
0.605657
0.601731
0.598294
0.595348
0.592757
0.590442
0.588245
0.586144
0.584608
0.583082
0.581487
0.580154
0.579243
0.578599
0.577878
0.577005
0.594834
0.592177
0.611045
0.60677
0.602822
0.59886
0.594884
0.592372
0.589951
0.58822
0.586265
0.583958
0.581083
0.580037
0.578903
0.577733
0.576731
0.575992
0.574236
0.573315
0.572713
0.572171
0.571729
0.571285
0.570874
0.570759
0.570525
0.570052
0.569981
0.569712
0.569548
0.569322
0.591238
0.589369
0.587331
0.58462
0.583099
0.581791
0.580751
0.579527
0.578448
0.577531
0.576479
0.603602
0.600176
0.597093
0.594235
0.590722
0.588207
0.58632
0.584053
0.607977
0.602892
0.619566
0.614585
0.610416
0.628226
0.62251
0.617437
0.612237
0.608095
0.60422
0.60062
0.597368
0.595305
0.592914
0.590489
0.608016
0.603948
0.600282
0.596165
0.593687
0.591096
0.588921
0.586976
0.585069
0.584264
0.58267
0.581801
0.580501
0.579181
0.578059
0.576637
0.600964
0.61777
0.612585
0.608808
0.633124
0.626541
0.620671
0.615583
0.61094
0.606723
0.602985
0.598251
0.595565
0.592943
0.590366
0.588264
0.586375
0.584467
0.582907
0.581346
0.599192
0.596207
0.59337
0.591384
0.589113
0.587053
0.585192
0.58379
0.581708
0.653528
0.645221
0.637435
0.75453
0.736415
0.721141
0.704938
0.814911
0.790121
0.767925
0.748035
0.854825
0.82684
0.801106
0.777828
0.756957
0.738196
0.72131
0.734376
0.717873
0.70302
0.689512
0.702215
0.759725
0.740923
0.723765
0.733514
0.716863
0.702079
0.688918
0.67696
0.666199
0.656424
0.647716
0.660426
0.651705
0.643593
0.636303
0.649268
0.64189
0.633202
0.626947
0.745609
0.728898
0.712843
0.720253
0.705594
0.691403
0.679031
0.694456
0.682319
0.670801
0.659407
0.650375
0.643405
0.635819
0.629172
0.650565
0.642376
0.634884
0.628125
0.622141
0.616657
0.611679
0.607241
0.603221
0.599647
0.596572
0.594694
0.614482
0.609821
0.605786
0.60203
0.598816
0.595738
0.593325
0.590175
0.588435
0.586525
0.584807
0.583408
0.580773
0.579464
0.578564
0.597302
0.59442
0.591663
0.589581
0.587379
0.586782
0.584833
0.582462
0.581569
0.58058
0.578977
0.577808
0.597141
0.594544
0.591797
0.589347
0.71335
0.698319
0.685216
0.673431
0.662408
0.653101
0.644934
0.662795
0.65345
0.645004
0.638024
0.652561
0.644092
0.636412
0.629501
0.643543
0.63602
0.629225
0.623419
0.618194
0.613328
0.608763
0.604607
0.628178
0.622231
0.616974
0.612182
0.607531
0.604019
0.600318
0.596197
0.593508
0.591226
0.587873
0.585905
0.584278
0.58288
0.581424
0.608069
0.603153
0.599609
0.596259
0.614144
0.609664
0.604912
0.6014
0.618006
0.614227
0.60948
0.605415
0.621878
0.61659
0.61166
0.635614
0.628894
0.622735
0.616948
0.612133
0.6077
0.603634
0.600039
0.596771
0.593862
0.590744
0.588265
0.586363
0.584431
0.582775
0.582798
0.603971
0.600121
0.596839
0.594099
0.614113
0.609444
0.605303
0.601646
0.598592
0.595485
0.5928
0.610004
0.606229
0.60254
0.598581
0.595862
0.59336
0.590869
0.588707
0.585977
0.584096
0.582007
0.607345
0.60334
0.599998
0.596728
0.594524
0.612524
0.608338
0.604272
0.728603
0.712664
0.698211
0.685151
0.673395
0.663111
0.653722
0.645373
0.63818
0.63129
0.624923
0.64628
0.638596
0.631191
0.624596
0.618985
0.614021
0.609239
0.606015
0.627948
0.622033
0.616457
0.611541
0.607356
0.730275
0.733484
0.716894
0.722866
0.725225
0.709541
0.695365
0.703448
0.689416
0.677271
0.666264
0.656316
0.645741
0.638325
0.650326
0.642062
0.634473
0.629774
0.751098
0.734714
0.718792
0.703665
0.690015
0.677129
0.665742
0.656019
0.75699
0.738014
0.721147
0.724194
0.708818
0.694666
0.682159
0.79817
0.775083
0.753895
0.735123
0.718545
0.703468
0.689908
0.7055
0.692291
0.680022
0.669002
0.659241
0.650437
0.642164
0.634271
0.649282
0.641698
0.633848
0.62671
0.620269
0.613948
0.610246
0.633599
0.626655
0.620719
0.615406
0.629846
0.623719
0.618083
0.612438
0.628791
0.623544
0.618901
0.614925
0.737496
0.720681
0.705346
0.711896
0.80326
0.779494
0.758338
0.739637
0.722608
0.707147
0.693162
0.701129
0.688735
0.677621
0.666643
0.656868
0.648116
0.639579
0.652754
0.644823
0.637061
0.631489
0.625242
0.619025
0.614038
0.610612
0.714888
0.699684
0.686484
0.70189
0.689099
0.677773
0.666726
0.781314
0.760584
0.741482
0.72423
0.708332
0.694254
0.681849
0.6981
0.685269
0.673852
0.663318
0.671703
0.661403
0.652389
0.64404
0.762257
0.742639
0.725326
0.728947
0.823297
0.798516
0.775394
0.773221
0.75266
0.734124
0.717851
0.703
0.689455
0.677316
0.666497
0.657489
0.648348
0.640163
0.632671
0.62629
0.620596
0.615189
0.610924
0.606126
0.602448
0.617775
0.613997
0.631791
0.625751
0.620104
0.741415
0.72448
0.708966
0.69623
0.683394
0.671621
0.661189
0.651185
0.642694
0.635176
0.647438
0.639014
0.631583
0.625257
0.728414
0.71125
0.697008
0.709617
0.696409
0.683703
0.674142
0.663627
0.67321
0.663057
0.653548
0.668369
0.658489
0.649575
0.641619
0.635006
0.628644
0.621466
0.616049
0.611276
0.606878
0.602731
0.709191
0.695206
0.682402
0.671711
0.661269
0.652256
0.643357
0.635751
0.650409
0.642584
0.635382
0.754065
0.754447
0.735946
0.718876
0.703843
0.690188
0.678043
0.667208
0.657361
0.648691
0.640631
0.633407
0.627
0.620415
0.615123
0.61019
0.605491
0.601601
0.706305
0.691773
0.679435
0.668221
0.658077
0.649073
0.640738
0.633499
0.627052
0.621486
0.614627
0.629555
0.643674
0.636001
0.629336
0.623192
0.617689
0.612852
0.60876
0.604815
0.601678
0.59783
0.704696
0.691059
0.678826
0.667337
0.656392
0.647745
0.640007
0.651856
0.643663
0.635668
0.629631
0.623192
0.617635
0.612828
0.60848
0.603952
0.600286
0.596849
0.594099
0.591604
0.589087
0.586498
0.584885
0.583277
0.581679
0.580445
0.579143
0.578093
0.601567
0.598332
0.595481
0.59247
0.590158
0.712099
0.697913
0.685158
0.67359
0.66304
0.653639
0.644992
0.638006
0.631098
0.625947
0.620594
0.614797
0.609887
0.605756
0.601471
0.598268
0.595293
0.592506
0.590189
0.588179
0.586132
0.694315
0.681927
0.670736
0.660149
0.651024
0.64283
0.635485
0.628999
0.623046
0.617615
0.612634
0.608408
0.604341
0.601014
0.597812
0.595016
0.592478
0.589883
0.587688
0.586084
0.583834
0.582193
0.580924
0.579693
0.601391
0.59785
0.594974
0.592523
0.590976
0.588019
0.584485
0.582929
0.581481
0.580222
0.579314
0.578941
0.577962
0.5771
0.576244
0.575516
0.576128
0.575443
0.574833
0.575295
0.574678
0.572599
0.572321
0.572008
0.571879
0.591965
0.58975
0.587563
0.584998
0.583433
0.581986
0.580721
0.708403
0.694087
0.681616
0.670271
0.66005
0.650429
0.64176
0.634452
0.627736
0.621692
0.616355
0.611651
0.607657
0.603861
0.600425
0.596715
0.592986
0.610017
0.606091
0.602285
0.598786
0.594955
0.592599
0.590305
0.588209
0.586323
0.584599
0.583279
0.706343
0.692694
0.680266
0.66896
0.658998
0.650058
0.641808
0.634692
0.628158
0.622276
0.636477
0.629607
0.623312
0.617947
0.737817
0.72056
0.705269
0.691676
0.679443
0.66843
0.658521
0.649453
0.641833
0.634389
0.627276
0.62059
0.615465
0.610908
0.606815
0.602863
0.599556
0.623159
0.617896
0.61233
0.607904
0.603824
0.600785
0.597609
0.594671
0.592132
0.589798
0.587727
0.585684
0.58405
0.582375
0.705385
0.691132
0.678748
0.667136
0.657357
0.648395
0.640884
0.633746
0.627306
0.621305
0.636528
0.628584
0.622685
0.617291
0.612333
0.608104
0.604023
0.600555
0.597652
0.594632
0.592648
0.590324
0.588098
0.586222
0.604048
0.600395
0.597105
0.594783
0.592111
0.589857
0.587786
0.606169
0.602432
0.599264
0.622643
0.617313
0.612433
0.609328
0.605329
0.601731
0.598143
0.595689
0.59285
0.589913
0.587847
0.585881
0.58433
0.581635
0.581388
0.601003
0.597443
0.595033
0.592356
0.590115
0.588038
0.586102
0.584016
0.581874
0.580621
0.579452
0.578914
0.577753
0.577101
0.575925
0.575881
0.57525
0.574454
0.573294
0.572675
0.572265
0.573003
0.600426
0.597267
0.594474
0.592003
0.589942
0.586785
0.584727
0.604433
0.600924
0.597555
0.623675
0.618242
0.613557
0.609014
0.605047
0.601272
0.597305
0.615763
0.610945
0.605764
0.630487
0.625259
0.621034
0.615862
0.612717
0.709961
0.697176
0.702415
0.689646
0.697683
0.685831
0.674835
0.66531
0.65659
0.64889
0.640925
0.873463
0.843051
0.815799
0.790949
0.768788
0.749845
0.731923
0.776081
0.754969
0.736612
0.740218
0.723335
0.707936
0.719475
0.704529
0.691062
0.678516
0.667419
0.657817
0.648701
0.640765
0.633588
0.627154
0.621264
0.616805
0.611867
0.607605
0.729948
0.714077
0.6996
0.686575
0.674816
0.663924
0.654213
0.645713
0.638073
0.631366
0.625164
0.619992
0.614735
0.610196
0.607333
0.603509
0.619731
0.614865
0.610517
0.606211
0.602547
0.599412
0.596405
0.593626
0.591214
0.588207
0.584283
0.582594
0.581195
0.579875
0.577699
0.57624
0.575489
0.574875
0.574475
0.573207
0.697361
0.684617
0.67309
0.662629
0.653301
0.644601
0.664518
0.655411
0.647041
0.639271
0.632483
0.626259
0.620919
0.616168
0.611486
0.607272
0.603431
0.600432
0.597217
0.594401
0.591774
0.589371
0.587295
0.5855
0.583884
0.58226
0.605846
0.602343
0.599062
0.615546
0.610488
0.606997
0.603219
0.599803
0.596738
0.59404
0.591727
0.589607
0.587421
0.585527
0.584113
0.582636
0.581621
0.580707
0.579161
0.578054
0.577298
0.576388
0.575069
0.701665
0.687818
0.675971
0.686402
0.674735
0.664605
0.656033
0.647367
0.63936
0.632358
0.625804
0.620248
0.615052
0.629796
0.623898
0.616766
0.640229
0.633412
0.62762
0.621581
0.617381
0.612987
0.608623
0.604695
0.600136
0.597057
0.612292
0.608327
0.605017
0.628483
0.621318
0.616047
0.611377
0.607174
0.604306
0.600621
0.597288
0.594936
0.591612
0.589282
0.587298
0.585356
0.58377
0.582577
0.581907
0.602935
0.599845
0.596686
0.594086
0.592022
0.590163
0.588091
0.586204
0.585782
0.584199
0.608998
0.605167
0.601533
0.597905
0.594636
0.591928
0.589583
0.588369
0.586377
0.584702
0.603905
0.600283
0.596984
0.614495
0.61007
0.606368
0.602666
0.600358
0.597528
0.59471
0.592388
0.589831
0.613856
0.609404
0.605398
0.60179
0.598472
0.595722
0.593084
0.590739
0.589415
0.607066
0.601591
0.598549
0.59567
0.613041
0.607785
0.603848
0.600397
0.59734
0.594534
0.618738
0.613799
0.609273
0.605146
0.601607
0.598387
0.595483
0.592869
0.590721
0.588513
0.58714
0.58537
0.583854
0.582403
0.582876
0.581395
0.580212
0.578956
0.57804
0.57668
0.57611
0.575433
0.574988
0.574078
0.573809
0.573436
0.640006
0.633065
0.627022
0.621094
0.615763
0.633034
0.626441
0.620783
0.615642
0.610961
0.607107
0.603142
0.598738
0.595677
0.592986
0.590622
0.588692
0.58701
0.585212
0.583839
0.582403
0.581097
0.579758
0.577846
0.576999
0.576234
0.575372
0.574712
0.573999
0.573533
0.573268
0.571647
0.571557
0.571333
0.571134
0.570363
0.569992
0.570286
0.570192
0.570164
0.570178
0.56997
0.569898
0.569718
0.56968
0.569842
0.569792
0.569738
0.56949
0.569613
0.569782
0.570291
0.570469
0.5705
0.639034
0.63218
0.6259
0.620244
0.615324
0.611142
0.607161
0.60351
0.600135
0.597261
0.59564
0.592806
0.590584
0.609638
0.605999
0.602132
0.598869
0.595174
0.592591
0.589038
0.587212
0.585237
0.583663
0.582375
0.579863
0.578651
0.577682
0.576758
0.575876
0.575223
0.574622
0.574094
0.573767
0.573555
0.592212
0.591154
0.589178
0.586961
0.585785
0.584141
0.582648
0.581407
0.580611
0.579836
0.578816
0.577664
0.576832
0.575673
0.57546
0.574934
0.645943
0.639717
0.632865
0.64674
0.639062
0.631923
0.649038
0.64136
0.63412
0.627642
0.621403
0.616395
0.61187
0.607262
0.603528
0.600928
0.597975
0.595112
0.592381
0.5901
0.588162
0.586434
0.584827
0.583231
0.581829
0.580712
0.579649
0.578439
0.598679
0.596238
0.593683
0.59147
0.589107
0.587131
0.584401
0.582937
0.581578
0.57974
0.578291
0.577252
0.576666
0.576129
0.574779
0.574325
0.593078
0.590705
0.607244
0.603454
0.600248
0.597205
0.595168
0.592518
0.717388
0.702475
0.689277
0.677111
0.666334
0.656078
0.668029
0.658269
0.649249
0.641053
0.633892
0.627319
0.642136
0.634892
0.629566
0.623425
0.728814
0.712941
0.698002
0.685366
0.673735
0.663296
0.653645
0.645215
0.638037
0.630701
0.624565
0.619257
0.6148
0.61029
0.606093
0.601753
0.59863
0.595698
0.721165
0.706172
0.719926
0.705073
0.691295
0.678885
0.778523
0.757365
0.73839
0.831934
0.805675
0.782042
0.760746
0.741641
0.723669
0.708237
0.694008
0.681411
0.799692
0.77602
0.755394
0.757474
0.739
0.721827
0.835602
0.809466
0.785416
0.783815
0.7624
0.743094
0.724724
0.70901
0.695043
0.682473
0.67157
0.661143
0.651883
0.643744
0.635482
0.654058
0.667014
0.657065
0.674606
0.68463
0.673326
0.663865
0.655834
0.647086
0.638902
0.631927
0.625854
0.620526
0.615613
0.610986
0.60686
0.602945
0.599621
0.596394
0.593075
0.590702
0.588566
0.587054
0.583996
0.582531
0.581417
0.580255
0.579858
0.578054
0.576985
0.57704
0.576571
0.575481
0.575072
0.575113
0.573948
0.572902
0.572546
0.572136
0.571991
0.684776
0.673643
0.663843
0.675132
0.664554
0.655058
0.646612
0.640059
0.633384
0.627
0.621055
0.614636
0.610199
0.606034
0.602775
0.599431
0.59642
0.619722
0.614757
0.610322
0.623632
0.729205
0.713344
0.69943
0.686165
0.674477
0.664543
0.655157
0.646538
0.638002
0.630964
0.625006
0.61944
0.61525
0.610589
0.606669
0.602863
0.599511
0.595896
0.719206
0.704197
0.690357
0.697084
0.684905
0.701176
0.688124
0.676406
0.665642
0.656125
0.647645
0.664391
0.654416
0.645294
0.637827
0.630838
0.624836
0.61912
0.614149
0.609499
0.606917
0.603153
0.599763
0.62266
0.617328
0.61237
0.609501
0.605492
0.601983
0.598514
0.595802
0.593118
0.590868
0.587954
0.585892
0.6088
0.605178
0.60178
0.599435
0.615009
0.610644
0.636997
0.738168
0.721285
0.705237
0.691638
0.679271
0.668112
0.657982
0.649128
0.669054
0.659076
0.650065
0.64302
0.636011
0.629472
0.623309
0.636872
0.629793
0.643777
0.657428
0.648824
0.6683
0.658405
0.649499
0.641483
0.634269
0.627742
0.648951
0.640997
0.633697
0.656062
0.64756
0.639444
0.65989
0.648992
0.640413
0.633482
0.627279
0.621518
0.616358
0.722729
0.707185
0.715603
0.701383
0.688039
0.676166
0.665455
0.655735
0.674917
0.664382
0.65506
0.672719
0.661358
0.652975
0.671646
0.660897
0.651179
0.672429
0.661612
0.651767
0.669752
0.659686
0.650037
0.669888
0.659971
0.649481
0.668475
0.658153
0.649272
0.64125
0.633
0.626494
0.620779
0.615824
0.611682
0.607378
0.603542
0.600071
0.625395
0.619912
0.614285
0.610179
0.605724
0.602118
0.618943
0.614188
0.609703
0.624538
0.619236
0.61433
0.609832
0.606183
0.600861
0.597968
0.59516
0.592578
0.589989
0.588475
0.585948
0.642041
0.634186
0.627497
0.621505
0.616289
0.610792
0.606708
0.602846
0.599496
0.596715
0.59335
0.591058
0.589076
0.587279
0.604125
0.621089
0.615885
0.637446
0.63077
0.624742
0.61903
0.614148
0.609667
0.624493
0.61917
0.614133
0.609788
0.605744
0.602683
0.599176
0.596945
0.59398
0.591379
0.589435
0.58732
0.585644
0.584014
0.583523
0.582265
0.580967
0.579779
0.638166
0.631639
0.625406
0.619835
0.613096
0.636164
0.629405
0.62299
0.618035
0.613543
0.609805
0.605791
0.602146
0.599276
0.615534
0.611116
0.607025
0.601369
0.59777
0.595052
0.718315
0.703693
0.690188
0.678103
0.66741
0.657904
0.648718
0.640371
0.632952
0.626591
0.620876
0.615787
0.611117
0.606936
0.603792
0.600756
0.597606
0.614661
0.610494
0.605925
0.602257
0.598147
0.594143
0.591868
0.589651
0.588439
0.714411
0.700756
0.688453
0.741557
0.724508
0.709014
0.695118
0.682483
0.671345
0.660626
0.651511
0.643291
0.635282
0.628531
0.650225
0.642342
0.634866
0.654397
0.645857
0.638436
0.631898
0.62594
0.619538
0.614653
0.677399
0.666993
0.657113
0.648698
0.640782
0.634035
0.627924
0.621826
0.616712
0.612215
0.607967
0.604184
0.6007
0.597616
0.594805
0.592182
0.607828
0.604274
0.600976
0.597842
0.594867
0.592315
0.590226
0.588003
0.585702
0.584223
0.582537
0.581013
0.580051
0.579185
0.578041
0.577494
0.576513
0.575796
0.575471
0.574685
0.574116
0.575076
0.574544
0.574168
0.573481
0.573272
0.572966
0.572712
0.571819
0.571699
0.572321
0.572033
0.571575
0.571711
0.571269
0.571029
0.570703
0.589534
0.587688
0.587287
0.585493
0.583673
0.581574
0.580252
0.579238
0.578303
0.577231
0.575876
0.575191
0.699944
0.687057
0.675938
0.665103
0.655744
0.646973
0.639207
0.632464
0.626309
0.621227
0.616106
0.610626
0.606703
0.603124
0.599387
0.596588
0.593825
0.591342
0.589251
0.58726
0.585449
0.584044
0.581889
0.580654
0.579542
0.578679
0.577278
0.597934
0.595251
0.592699
0.590498
0.588997
0.605467
0.601861
0.59884
0.720172
0.705924
0.692442
0.679854
0.668761
0.659034
0.650043
0.642129
0.634845
0.647341
0.638626
0.631903
0.625647
0.620388
0.614685
0.610205
0.606036
0.602856
0.59971
0.594971
0.592242
0.590701
0.58836
0.586459
0.5846
0.583081
0.581086
0.58051
0.579394
0.599099
0.596297
0.593704
0.591268
0.589066
0.587129
0.585386
0.582844
0.581583
0.580535
0.579416
0.577372
0.576777
0.576034
0.57596
0.575187
0.574743
0.574421
0.573932
0.573317
0.572052
0.571986
0.571677
0.571591
0.571571
0.571144
0.570759
0.570589
0.571152
0.570965
0.591078
0.588181
0.586419
0.584565
0.582278
0.580821
0.704601
0.711664
0.697298
0.684503
0.673121
0.662264
0.65318
0.644908
0.637316
0.629393
0.62334
0.617944
0.614108
0.609039
0.604887
0.601391
0.598186
0.594742
0.592263
0.589798
0.587797
0.584794
0.583127
0.582568
0.581146
0.579813
0.577947
0.577
0.576429
0.57654
0.574796
0.57428
0.573902
0.573846
0.573434
0.573124
0.572746
0.572611
0.572284
0.572006
0.571945
0.571685
0.590356
0.587762
0.585716
0.711902
0.697442
0.684632
0.673052
0.662851
0.653398
0.64522
0.637568
0.63136
0.625158
0.619641
0.640147
0.632942
0.626589
0.620903
0.61591
0.611045
0.731941
0.715681
0.701227
0.688915
0.677128
0.666199
0.656558
0.647706
0.639898
0.632878
0.62632
0.622261
0.617059
0.61213
0.629356
0.623969
0.618542
0.614159
0.609588
0.605954
0.602508
0.599188
0.614632
0.610104
0.605004
0.601172
0.599218
0.596183
0.717659
0.703416
0.690153
0.678482
0.66775
0.65791
0.649258
0.641295
0.6341
0.627785
0.621998
0.61679
0.611671
0.607298
0.603637
0.600303
0.597822
0.707192
0.693407
0.680796
0.669651
0.660631
0.651397
0.663272
0.654016
0.664244
0.654754
0.646165
0.638847
0.631897
0.625543
0.619968
0.615094
0.609495
0.605275
0.601477
0.618129
0.613792
0.609398
0.626282
0.640947
0.63435
0.64582
0.637994
0.630501
0.625451
0.619226
0.63308
0.626703
0.620961
0.615882
0.611228
0.607059
0.729835
0.714944
0.700403
0.687464
0.675652
0.682887
0.671737
0.662055
0.780374
0.758541
0.739446
0.72264
0.707234
0.692216
0.680338
0.669485
0.659452
0.649977
0.641709
0.634594
0.628069
0.622379
0.638192
0.631765
0.62535
0.619065
0.614224
0.609842
0.605821
0.602349
0.618642
0.613741
0.609247
0.605257
0.60187
0.598618
0.6633
0.653904
0.643557
0.635553
0.629044
0.623887
0.637518
0.631078
0.625109
0.619594
0.614575
0.610052
0.60618
0.602496
0.599133
0.596554
0.593628
0.5912
0.589219
0.587244
0.585422
0.584032
0.582474
0.582594
0.599948
0.597825
0.595386
0.592168
0.590039
0.588174
0.697626
0.685629
0.674916
0.664359
0.654861
0.646373
0.638817
0.632049
0.749071
0.73164
0.715375
0.700775
0.799149
0.776008
0.755406
0.736819
0.720241
0.705474
0.692588
0.680238
0.669286
0.659298
0.760629
0.741814
0.724798
0.7093
0.695106
0.682492
0.671372
0.66099
0.672606
0.662251
0.652756
0.755464
0.736379
0.719691
0.704656
0.691157
0.678518
0.667818
0.658121
0.77286
0.752652
0.734321
0.826956
0.802264
0.796594
0.773888
0.753047
0.752552
0.734781
0.718394
0.827425
0.801873
0.778582
0.864461
0.83495
0.808325
0.783816
0.762349
0.742918
0.725592
0.709939
0.695169
0.703409
0.690066
0.696221
0.683652
0.697821
0.685255
0.673869
0.664031
0.654168
0.645686
0.658794
0.649587
0.641994
0.634934
0.628225
0.622878
0.680577
0.669738
0.677107
0.666225
0.656438
0.669437
0.659633
0.650108
0.746774
0.72928
0.713325
0.697916
0.685216
0.692796
0.680326
0.670444
0.784389
0.762993
0.743695
0.724807
0.709239
0.695412
0.682949
0.671589
0.788286
0.766587
0.746706
0.79384
0.771477
0.751251
0.732996
0.716426
0.719119
0.70444
0.69093
0.805952
0.782602
0.783602
0.783559
0.762662
0.76431
0.744813
0.727298
0.83732
0.810932
0.786748
0.765007
0.745854
0.728062
0.71301
0.698681
0.685748
0.673678
0.663255
0.653864
0.645591
0.637512
0.650913
0.642788
0.655923
0.647585
0.63995
0.632889
0.626708
0.620856
0.615881
0.611288
0.606694
0.603707
0.600476
0.616985
0.612429
0.628188
0.622425
0.61719
0.612406
0.719511
0.704558
0.691136
0.679008
0.668246
0.658353
0.649391
0.64154
0.633866
0.628028
0.646301
0.638791
0.632121
0.625927
0.639334
0.632719
0.625358
0.619807
0.640259
0.633958
0.627618
0.64268
0.634694
0.628149
0.749603
0.731577
0.715479
0.700865
0.686907
0.675163
0.663381
0.654569
0.665567
0.655993
0.64744
0.63963
0.631987
0.645505
0.637982
0.631009
0.645956
0.637681
0.630831
0.625066
0.620723
0.615569
0.611151
0.60699
0.630054
0.645634
0.638037
0.631494
0.626303
0.620658
0.615953
0.611493
0.609288
0.605703
0.602246
0.599724
0.597083
0.594511
0.59201
0.589699
0.587663
0.585339
0.583611
0.582172
0.580854
0.579911
0.578787
0.577887
0.577036
0.576062
0.57539
0.595778
0.593282
0.591445
0.716198
0.700933
0.687806
0.676226
0.665537
0.68354
0.672063
0.661187
0.651986
0.754909
0.736353
0.719738
0.704699
0.715877
0.701457
0.687631
0.696699
0.683963
0.67182
0.661777
0.652534
0.644218
0.636746
0.629952
0.649747
0.642116
0.634906
0.628366
0.622662
0.642831
0.635476
0.628249
0.622204
0.617123
0.612403
0.713559
0.699141
0.686161
0.674531
0.664831
0.675375
0.664814
0.655971
0.754796
0.754408
0.735908
0.719696
0.703867
0.690415
0.677914
0.667051
0.656167
0.648355
0.64031
0.633405
0.627409
0.642713
0.634809
0.64905
0.748804
0.749108
0.732527
0.716413
0.700266
0.687174
0.675599
0.664909
0.654534
0.645823
0.638008
0.631961
0.625508
0.619814
0.614767
0.610299
0.606456
0.602745
0.617837
0.612959
0.607525
0.623387
0.618188
0.613105
0.714815
0.700425
0.688114
0.67552
0.664265
0.654639
0.646314
0.638822
0.741685
0.724275
0.708913
0.694956
0.682395
0.692741
0.680549
0.669428
0.659212
0.650231
0.642415
0.635312
0.628716
0.622574
0.617308
0.612659
0.608532
0.604188
0.60096
0.598444
0.596597
0.59422
0.591627
0.58881
0.587228
0.585382
0.583878
0.582597
0.580699
0.579563
0.578746
0.577172
0.577606
0.576063
0.575308
0.575182
0.575158
0.574637
0.574108
0.573769
0.592661
0.590217
0.58814
0.586119
0.583846
0.581811
0.57995
0.578153
0.576501
0.57584
0.575184
0.574769
0.573545
0.57333
0.573344
0.590966
0.588891
0.587141
0.585543
0.583719
0.582534
0.581244
0.579478
0.607136
0.602388
0.598965
0.595993
0.592714
0.589763
0.587775
0.588601
0.587254
0.584234
0.582598
0.58134
0.580249
0.579322
0.578529
0.577095
0.594903
0.592513
0.590283
0.58832
0.586627
0.585001
0.583615
0.582002
0.58088
0.579458
0.578421
0.57767
0.576428
0.574695
0.574135
0.573656
0.573212
0.572892
0.572358
0.572076
0.571291
0.569701
0.570507
0.570237
0.570157
0.568437
0.589558
0.587537
0.585923
0.585049
0.601705
0.598988
0.596228
0.593831
0.592214
0.589908
0.588028
0.612914
0.608468
0.604466
0.601158
0.598175
0.594726
0.592802
0.590683
0.588527
0.586814
0.585067
0.583693
0.582437
0.581025
0.580014
0.579331
0.578537
0.577413
0.577016
0.576569
0.576208
0.575419
0.574971
0.575039
0.592751
0.590433
0.588174
0.608633
0.60368
0.599565
0.596568
0.593334
0.590423
0.589045
0.587075
0.69389
0.681759
0.698431
0.685727
0.673951
0.663695
0.654369
0.64601
0.746437
0.729006
0.713078
0.698813
0.686058
0.674963
0.664401
0.654927
0.64634
0.637821
0.631079
0.624871
0.619728
0.614424
0.610101
0.628349
0.622339
0.616486
0.611567
0.716926
0.702372
0.707911
0.69385
0.708637
0.694148
0.681597
0.670337
0.660237
0.652307
0.643997
0.636548
0.631133
0.626004
0.62036
0.636673
0.62995
0.623352
0.617951
0.61342
0.609044
0.605125
0.601707
0.59841
0.595683
0.591548
0.589452
0.587643
0.585813
0.584339
0.605572
0.60193
0.598713
0.625306
0.620046
0.614976
0.610393
0.605981
0.602298
0.598996
0.596044
0.621185
0.615556
0.610775
0.606641
0.603117
0.599669
0.596441
0.593783
0.591464
0.589472
0.588176
0.692175
0.679879
0.668947
0.659025
0.651471
0.643393
0.636417
0.629822
0.623774
0.618945
0.613867
0.609414
0.604297
0.601026
0.598709
0.596147
0.613233
0.608943
0.604983
0.601419
0.598212
0.595946
0.593308
0.591446
0.589633
0.587764
0.585835
0.584154
0.582532
0.581559
0.580491
0.579866
0.578974
0.578216
0.577738
0.576972
0.574776
0.574306
0.698485
0.684957
0.67401
0.663726
0.654492
0.646525
0.66449
0.654975
0.646563
0.63782
0.631318
0.647649
0.639828
0.632165
0.645396
0.63861
0.631761
0.625369
0.619766
0.740596
0.723647
0.708229
0.694341
0.681838
0.670179
0.679961
0.669114
0.659105
0.651537
0.642719
0.634309
0.628079
0.621591
0.616571
0.611768
0.607657
0.603816
0.725566
0.710593
0.696468
0.683861
0.673056
0.66289
0.653945
0.645689
0.660173
0.651705
0.643625
0.635573
0.628944
0.622741
0.616966
0.612252
0.607801
0.60416
0.626032
0.619883
0.614804
0.737138
0.744637
0.727507
0.733048
0.716918
0.701546
0.688649
0.676754
0.769798
0.749218
0.749292
0.732116
0.716159
0.80654
0.78282
0.761335
0.742216
0.725953
0.709975
0.69556
0.682938
0.671742
0.681688
0.670607
0.660676
0.651543
0.643323
0.635877
0.755323
0.736725
0.719987
0.70515
0.691643
0.705122
0.712434
0.698739
0.706875
0.693122
0.680539
0.669256
0.659553
0.776305
0.755692
0.737057
0.719044
0.704311
0.716206
0.701059
0.687904
0.781149
0.760218
0.740951
0.745634
0.72804
0.712695
0.697698
0.684059
0.672642
0.662927
0.652458
0.644351
0.636502
0.629981
0.623869
0.617812
0.612972
0.608609
0.604887
0.601365
0.618019
0.613337
0.608355
0.604422
0.600914
0.597962
0.59526
0.592054
0.58994
0.58829
0.586309
0.584904
0.583521
0.708928
0.694836
0.682846
0.691903
0.679647
0.66854
0.658642
0.649581
0.641746
0.634365
0.627252
0.621436
0.616169
0.611883
0.606519
0.602795
0.599655
0.596652
0.593298
0.590896
0.610318
0.606205
0.602832
0.61973
0.614867
0.609883
0.605215
0.601109
0.597933
0.59509
0.613962
0.60909
0.604911
0.60161
0.599776
0.597126
0.594741
0.592186
0.590305
0.588215
0.60627
0.602661
0.599412
0.596409
0.592675
0.58975
0.587751
0.586115
0.584582
0.583081
0.581912
0.600725
0.596822
0.622542
0.617536
0.612726
0.608733
0.604977
0.601238
0.599296
0.596323
0.593625
0.591383
0.589681
0.587788
0.58595
0.688328
0.676721
0.666057
0.67707
0.666551
0.65667
0.647937
0.639873
0.632926
0.625755
0.620056
0.615171
0.610377
0.60667
0.603094
0.5997
0.595845
0.593365
0.591088
0.588673
0.585716
0.584281
0.582729
0.581631
0.579746
0.578863
0.577911
0.576849
0.575996
0.575536
0.594101
0.591216
0.588824
0.586917
0.585282
0.609825
0.626753
0.621012
0.615954
0.610861
0.6075
0.603684
0.600241
0.722732
0.707364
0.693629
0.680794
0.669605
0.680462
0.669401
0.659543
0.760836
0.741687
0.724629
0.710534
0.696559
0.684205
0.672879
0.682343
0.671258
0.661118
0.650807
0.642703
0.635175
0.628179
0.622468
0.725847
0.7114
0.697226
0.684441
0.672909
0.685237
0.673715
0.680747
0.66977
0.659913
0.650901
0.642585
0.635152
0.628639
0.622504
0.726756
0.710922
0.696883
0.683476
0.671663
0.661431
0.652213
0.643827
0.63657
0.629803
0.749447
0.731619
0.716819
0.70217
0.688907
0.676762
0.666135
0.656434
0.64776
0.659608
0.670911
0.66102
0.65151
0.64186
0.634499
0.627984
0.622325
0.617241
0.612451
0.608211
0.604324
0.600007
0.596941
0.721483
0.706474
0.692931
0.702054
0.688808
0.698721
0.685259
0.695392
0.682858
0.671314
0.770484
0.750574
0.732755
0.716376
0.702287
0.689034
0.677069
0.66629
0.656736
0.648256
0.640579
0.65416
0.645822
0.638193
0.63142
0.624803
0.619433
0.614476
0.610154
0.606006
0.728996
0.713047
0.698497
0.685688
0.673938
0.790695
0.767539
0.747697
0.729849
0.71368
0.698849
0.685694
0.674024
0.664785
0.655241
0.773832
0.753514
0.734688
0.718358
0.703357
0.816836
0.792087
0.769937
0.750755
0.732707
0.71637
0.701872
0.688415
0.676927
0.666284
0.783988
0.762729
0.742981
0.725822
0.710161
0.696284
0.685638
0.674009
0.724105
0.708793
0.695257
0.682916
0.672349
0.661562
0.652311
0.771861
0.751609
0.732272
0.716341
0.701635
0.688361
0.675211
0.664807
0.655264
0.646909
0.660119
0.651236
0.643476
0.658181
0.649269
0.75142
0.733411
0.717295
0.702296
0.688914
0.677149
0.66642
0.657736
0.649092
0.639837
0.632788
0.626444
0.620862
0.636465
0.629839
0.734791
0.718451
0.703541
0.690153
0.678021
0.667262
0.657361
0.648544
0.641251
0.633651
0.627185
0.640863
0.633519
0.670314
0.660217
0.651335
0.643136
0.636576
0.630061
0.624027
0.745445
0.728094
0.712143
0.698148
0.684723
0.67332
0.663063
0.654305
0.644993
0.637697
0.631271
0.625322
0.619724
0.614875
0.610117
0.606078
0.602405
0.598983
0.596125
0.593437
0.591233
0.589092
0.586912
0.585431
0.584545
0.583643
0.581797
0.600587
0.597616
0.594994
0.699216
0.686418
0.67471
0.663569
0.653737
0.753201
0.734768
0.718107
0.703752
0.690311
0.804525
0.781314
0.780114
0.803799
0.780327
0.87032
0.840472
0.839567
0.812504
0.788258
0.87532
0.844927
0.817369
0.792819
0.770293
0.750402
0.732255
0.716591
0.747866
0.730101
0.774652
0.75432
0.735707
0.71948
0.703951
0.75106
0.733033
0.716609
0.702644
0.689465
0.741145
0.724145
0.727506
0.711725
0.697487
0.684068
0.672586
0.685193
0.673688
0.662521
0.653357
0.64516
0.765159
0.745722
0.727777
0.712138
0.697869
0.811813
0.809124
0.803169
0.779969
0.758919
0.739939
0.721856
0.707833
0.693984
0.681524
0.796443
0.773704
0.753268
0.734847
0.717478
0.702661
0.689329
0.676707
0.665971
0.656321
0.648033
0.640429
0.633404
0.627075
0.621507
0.616213
0.611936
0.608307
0.604833
0.600654
0.597523
0.594571
0.591434
0.588246
0.58656
0.606752
0.603216
0.599995
0.617615
0.612807
0.673587
0.663368
0.654183
0.645904
0.638264
0.631548
0.625558
0.641869
0.634921
0.628581
0.623508
0.6183
0.613215
0.608886
0.604112
0.600431
0.597396
0.704159
0.690898
0.678903
0.668151
0.657861
0.757477
0.739467
0.722614
0.707655
0.694077
0.681754
0.669988
0.659924
0.650917
0.64276
0.634993
0.628444
0.622534
0.617244
0.639487
0.632457
0.625973
0.619695
0.614699
0.636838
0.630236
0.623539
0.640327
0.633229
0.648239
0.640397
0.633564
0.690611
0.678641
0.667711
0.658083
0.649209
0.640925
0.633952
0.752205
0.73452
0.718003
0.703726
0.690198
0.697946
0.685451
0.695139
0.682989
0.671733
0.662108
0.652445
0.665763
0.655302
0.646899
0.699316
0.686453
0.675571
0.66515
0.655569
0.64616
0.638654
0.631928
0.625903
0.620353
0.614292
0.609599
0.605573
0.60211
0.598875
0.59597
0.593979
0.591638
0.590691
0.615449
0.610999
0.607224
0.603589
0.600779
0.619169
0.614199
0.609918
0.662386
0.651853
0.662568
0.653643
0.645213
0.637587
0.630958
0.625002
0.619749
0.616143
0.611757
0.607458
0.603442
0.599418
0.596423
0.593533
0.591098
0.588772
0.587021
0.612169
0.607886
0.604275
0.600849
0.619145
0.61437
0.65893
0.650141
0.704359
0.691091
0.700177
0.687503
0.675835
0.66539
0.655978
0.773477
0.753208
0.735641
0.719149
0.704527
0.691018
0.678524
0.69423
0.701348
0.688416
0.699447
0.687051
0.702109
0.688871
0.678317
0.667477
0.657724
0.674278
0.662636
0.65356
0.644933
0.657947
0.648498
0.641514
0.634239
0.628598
0.622672
0.744223
0.726812
0.711065
0.697699
0.684838
0.799266
0.776274
0.780768
0.759831
0.741019
0.723851
0.707991
0.694168
0.680549
0.669429
0.784675
0.763257
0.764755
0.745877
0.72838
0.712656
0.69851
0.685593
0.674215
0.663721
0.654508
0.646023
0.638765
0.631413
0.625571
0.619532
0.614747
0.609797
0.605829
0.62307
0.61786
0.613002
0.666128
0.656501
0.773347
0.753356
0.73516
0.719192
0.704451
0.690959
0.679003
0.668222
0.658421
0.649516
0.748696
0.730745
0.735741
0.719168
0.704359
0.749462
0.731665
0.715599
0.701223
0.687958
0.675687
0.665376
0.655981
0.647631
0.66065
0.651312
0.643022
0.696192
0.683341
0.672146
0.662115
0.679827
0.669115
0.659266
0.650459
0.642348
0.635252
0.629992
0.623336
0.618215
0.613299
0.735204
0.718673
0.703612
0.690492
0.67808
0.775165
0.754582
0.755508
0.73709
0.720111
0.770365
0.750468
0.73312
0.77889
0.780873
0.760126
0.740495
0.830509
0.804556
0.780628
0.759516
0.741113
0.724144
0.708802
0.694866
0.682918
0.672198
0.662056
0.652785
0.645023
0.636604
0.657965
0.649253
0.641467
0.741979
0.725097
0.709717
0.695683
0.683049
0.671915
0.661661
0.671885
0.681922
0.670665
0.660379
0.651647
0.643554
0.636712
0.62995
0.624619
0.619501
0.61469
0.610264
0.627055
0.62082
0.615877
0.611278
0.607632
0.604056
0.600175
0.597297
0.615596
0.611096
0.607212
0.603275
0.729123
0.713513
0.699096
0.686006
0.67434
0.663117
0.65374
0.674148
0.683581
0.672206
0.682508
0.671397
0.785262
0.76334
0.743989
0.726028
0.710526
0.69716
0.684478
0.672631
0.662392
0.653116
0.645017
0.637988
0.631328
0.647002
0.638305
0.631613
0.624772
0.619332
0.615152
0.610546
0.605914
0.600618
0.597683
0.595258
0.592667
0.590335
0.616124
0.6135
0.60847
0.627581
0.621153
0.636974
0.630348
0.624043
0.618573
0.613653
0.609085
0.605216
0.603533
0.599909
0.596719
0.655364
0.648198
0.640454
0.633576
0.6273
0.622324
0.616818
0.61248
0.608167
0.604544
0.600953
0.597178
0.593316
0.590935
0.588673
0.587086
0.611862
0.607713
0.603854
0.621532
0.616109
0.611461
0.607387
0.603707
0.600399
0.59729
0.594905
0.592848
0.619272
0.614494
0.609845
0.661705
0.652645
0.64443
0.637536
0.630656
0.624057
0.61777
0.631759
0.625518
0.619916
0.615013
0.609832
0.605792
0.602762
0.59942
0.596617
0.59389
0.591467
0.58889
0.587182
0.585603
0.709952
0.696086
0.683284
0.672751
0.662205
0.653239
0.644904
0.637882
0.630603
0.625706
0.620306
0.614733
0.610175
0.626572
0.619624
0.614801
0.610232
0.606041
0.602576
0.728431
0.712669
0.696967
0.68359
0.672166
0.662255
0.652989
0.644522
0.637005
0.63069
0.643746
0.636305
0.755724
0.737314
0.719848
0.704653
0.691113
0.678731
0.667792
0.688002
0.675723
0.665153
0.655741
0.647879
0.640138
0.653129
0.664769
0.675707
0.665272
0.656124
0.64791
0.658127
0.649444
0.641639
0.634409
0.627272
0.621524
0.616671
0.61191
0.627765
0.62302
0.617531
0.612738
0.608555
0.603642
0.709761
0.69588
0.710612
0.696664
0.684012
0.672635
0.662655
0.653384
0.645339
0.637999
0.631331
0.625075
0.619502
0.614601
0.736239
0.719917
0.704409
0.691312
0.67932
0.668553
0.659627
0.650599
0.642432
0.635123
0.649825
0.641972
0.658079
0.648322
0.640629
0.633747
0.627409
0.621808
0.616596
0.736546
0.718728
0.704216
0.690632
0.678708
0.668034
0.658357
0.649494
0.64107
0.634396
0.627942
0.622268
0.617795
0.613155
0.608741
0.605007
0.601645
0.599439
0.596589
0.594684
0.592886
0.591146
0.607724
0.604296
0.620052
0.61518
0.736138
0.720278
0.705329
0.692732
0.680847
0.669767
0.659901
0.649805
0.641948
0.634345
0.628015
0.622266
0.617089
0.631495
0.652477
0.644269
0.636774
0.629963
0.624106
0.744582
0.727234
0.711576
0.696406
0.68457
0.675095
0.664524
0.781486
0.760505
0.768944
0.749269
0.731331
0.715302
0.700655
0.814087
0.789789
0.767744
0.748695
0.73068
0.714751
0.700181
0.687229
0.677284
0.685888
0.675296
0.664739
0.655216
0.646328
0.638629
0.631899
0.625644
0.620219
0.61523
0.721029
0.705892
0.692465
0.680335
0.669191
0.681584
0.67036
0.660463
0.651966
0.643694
0.636259
0.629433
0.622256
0.616447
0.611535
0.607204
0.629696
0.623818
0.618565
0.676431
0.665824
0.677482
0.666866
0.656551
0.64783
0.639834
0.741739
0.724317
0.708993
0.695057
0.683042
0.671682
0.661317
0.65131
0.643462
0.635516
0.629273
0.62328
0.61789
0.613205
0.607385
0.603581
0.599953
0.59732
0.593745
0.652304
0.644212
0.760834
0.741288
0.72363
0.708429
0.715253
0.767612
0.747786
0.855893
0.82753
0.801711
0.778474
0.757043
0.847857
0.821817
0.795744
0.773373
0.752765
0.734218
0.718457
0.810704
0.786773
0.764883
0.764433
0.745046
0.726656
0.71089
0.696828
0.683024
0.796174
0.773424
0.752462
0.734589
0.71816
0.811541
0.787322
0.791159
0.769093
0.749115
0.730728
0.714106
0.759992
0.741045
0.850646
0.822657
0.797735
0.774903
0.754462
0.842827
0.815955
0.79109
0.791686
0.770473
0.750373
0.731639
0.781215
0.760232
0.761544
0.742474
0.72495
0.709777
0.695544
0.792537
0.770423
0.750337
0.732321
0.716062
0.701336
0.687961
0.676304
0.665608
0.655997
0.647537
0.639794
0.697261
0.684604
0.673062
0.662847
0.653935
0.645806
0.638217
0.631512
0.62551
0.620085
0.615075
0.630198
0.623703
0.618395
0.614514
0.610051
0.606381
0.602702
0.599312
0.596485
0.593637
0.591412
0.59006
0.587988
0.586316
0.612932
0.629053
0.622878
0.617563
0.612779
0.735988
0.719506
0.703514
0.690042
0.679182
0.731264
0.715277
0.825659
0.800674
0.777746
0.75697
0.738166
0.740263
0.7232
0.708089
0.694215
0.701033
0.688312
0.67662
0.665451
0.657021
0.648407
0.640504
0.631733
0.625741
0.619973
0.615307
0.61088
0.606727
0.603603
0.599659
0.597584
0.594981
0.593192
0.590807
0.589957
0.58778
0.713527
0.719921
0.70487
0.691529
0.679272
0.668353
0.659066
0.651035
0.643035
0.656146
0.647466
0.639625
0.632517
0.625483
0.727398
0.711782
0.696514
0.683823
0.672224
0.68344
0.670802
0.723187
0.707912
0.694013
0.681582
0.670195
0.660183
0.650971
0.708754
0.69466
0.805914
0.803965
0.780702
0.759566
0.740528
0.723409
0.707824
0.694004
0.681538
0.670095
0.660084
0.651215
0.643133
0.635703
0.628955
0.622584
0.617273
0.612516
0.608403
0.604616
0.601284
0.59809
0.595215
0.592622
0.590089
0.588018
0.586205
0.584519
0.583411
0.582033
0.581033
0.580117
0.604646
0.601116
0.598134
0.595181
0.592793
0.698064
0.685377
0.694884
0.682382
0.671119
0.661147
0.652171
0.751466
0.733203
0.71666
0.702133
0.688957
0.784311
0.763345
0.743657
0.726277
0.816014
0.791763
0.789387
0.76679
0.747036
0.729472
0.713443
0.760867
0.741798
0.74429
0.727
0.711247
0.697262
0.685504
0.674092
0.663486
0.711496
0.697966
0.81046
0.786554
0.764833
0.745489
0.727669
0.778806
0.758081
0.739406
0.722611
0.707578
0.69396
0.681578
0.671584
0.66136
0.717105
0.702432
0.688985
0.677047
0.666257
0.656537
0.648711
0.703542
0.69017
0.697934
0.685283
0.673279
0.663126
0.653735
0.710518
0.696673
0.808734
0.784763
0.76427
0.744646
0.727215
0.781675
0.760435
0.741134
0.724096
0.727462
0.711849
0.697397
0.684592
0.673713
0.663481
0.654067
0.770027
0.750164
0.733435
0.717183
0.703266
0.690485
0.678435
0.667526
0.657167
0.648522
0.64095
0.634004
0.627199
0.621423
0.61642
0.611898
0.607713
0.603876
0.600026
0.596958
0.59435
0.592032
0.590173
0.588138
0.586527
0.584121
0.582602
0.581247
0.646799
0.639054
0.632249
0.626675
0.621147
0.616181
0.611507
0.629182
0.623403
0.617997
0.613644
0.609419
0.605411
0.602006
0.599226
0.596248
0.658949
0.650354
0.642717
0.635379
0.628805
0.624446
0.618987
0.614218
0.610233
0.606365
0.602855
0.619574
0.614855
0.61015
0.606271
0.602572
0.662184
0.652913
0.644748
0.636798
0.631211
0.625034
0.619625
0.614395
0.60989
0.666978
0.65724
0.772748
0.752587
0.734263
0.717975
0.703269
0.752177
0.734227
0.842823
0.837235
0.810174
0.785477
0.763825
0.744659
0.727146
0.772198
0.752239
0.753876
0.735628
0.719204
0.703258
0.689988
0.741009
0.723871
0.708447
0.694566
0.68229
0.670653
0.660701
0.65177
0.643937
0.694903
0.682197
0.795481
0.773133
0.752754
0.734797
0.717321
0.723208
0.707821
0.693705
0.681269
0.794438
0.772188
0.752723
0.734794
0.718441
0.764012
0.74489
0.853809
0.825424
0.799797
0.776825
0.774925
0.81029
0.786407
0.765007
0.745473
0.748785
0.730978
0.71494
0.700057
0.686954
0.738236
0.722166
0.706932
0.693275
0.6807
0.669763
0.65983
0.673104
0.663887
0.653796
0.645562
0.658215
0.649328
0.642066
0.634947
0.62846
0.622561
0.617025
0.738059
0.721597
0.706228
0.692101
0.679873
0.668859
0.658882
0.712155
0.697874
0.685021
0.674272
0.66378
0.654138
0.645658
0.638068
0.631161
0.624979
0.619617
0.614795
0.610512
0.606722
0.603058
0.599779
0.597385
0.594818
0.715624
0.701201
0.688217
0.676534
0.666094
0.656531
0.647822
0.640115
0.633242
0.627157
0.62158
0.616225
0.611889
0.607833
0.604842
0.601292
0.598097
0.595151
0.592571
0.590373
0.58827
0.586688
0.60512
0.623405
0.618203
0.61366
0.609228
0.606059
0.602403
0.599097
0.596449
0.594445
0.592095
0.589945
0.71233
0.698095
0.713786
0.699112
0.68634
0.674819
0.664502
0.655876
0.646813
0.660775
0.652134
0.6439
0.636489
0.629615
0.684413
0.673316
0.78705
0.764303
0.77258
0.752343
0.733454
0.716685
0.702703
0.690353
0.678456
0.667798
0.658061
0.671718
0.661704
0.652836
0.64418
0.637503
0.630725
0.624577
0.619259
0.614415
0.734032
0.717525
0.729357
0.713765
0.698596
0.685466
0.67403
0.663562
0.654031
0.664199
0.676627
0.666104
0.656488
0.64794
0.640286
0.633313
0.627028
0.620805
0.636514
0.6298
0.623796
0.617797
0.612926
0.671646
0.661781
0.779456
0.758444
0.761352
0.742292
0.724933
0.709384
0.695335
0.750419
0.732504
0.716332
0.70187
0.709398
0.696205
0.683545
0.67225
0.661959
0.651952
0.643896
0.636559
0.630452
0.62436
0.618897
0.614147
0.609014
0.604986
0.663514
0.654945
0.646587
0.639045
0.658084
0.64955
0.641523
0.634641
0.627906
0.622556
0.617404
0.612188
0.608371
0.62618
0.620567
0.615029
0.611484
0.607466
0.604434
0.601079
0.598033
0.595164
0.717885
0.703011
0.710867
0.696433
0.683724
0.671877
0.66107
0.714092
0.699797
0.810655
0.787139
0.765308
0.746121
0.727903
0.712047
0.697777
0.808018
0.784067
0.762656
0.743645
0.726698
0.710943
0.696793
0.684256
0.672333
0.662037
0.672115
0.661838
0.652704
0.665971
0.6565
0.712297
0.699022
0.686714
0.674977
0.663185
0.716485
0.701806
0.812877
0.789343
0.767343
0.747543
0.75787
0.73935
0.722433
0.707239
0.693735
0.681638
0.670546
0.679674
0.669319
0.659936
0.651827
0.643419
0.636274
0.630493
0.623277
0.618089
0.613656
0.607647
0.624866
0.619413
0.614461
0.611053
0.606815
0.663689
0.654926
0.646605
0.638475
0.631271
0.625283
0.619894
0.615319
0.610597
0.606452
0.602946
0.599637
0.596848
0.718523
0.703663
0.690641
0.678344
0.667649
0.657873
0.668275
0.658586
0.65019
0.698835
0.686296
0.67462
0.664143
0.675281
0.664892
0.65584
0.647168
0.639453
0.632653
0.626296
0.621648
0.616411
0.611903
0.60774
0.630505
0.624593
0.6192
0.615206
0.610815
0.607049
0.603541
0.600019
0.597156
0.620112
0.615308
0.632215
0.647918
0.640586
0.654236
0.645952
0.640134
0.63326
0.754071
0.736008
0.738183
0.721085
0.705985
0.692391
0.680246
0.670199
0.660424
0.65282
0.644655
0.659447
0.650299
0.642108
0.635017
0.627838
0.622168
0.616886
0.675811
0.665181
0.655667
0.64765
0.665333
0.656102
0.64764
0.639974
0.633109
0.627654
0.622035
0.676609
0.666125
0.656649
0.647614
0.666411
0.656961
0.64873
0.661272
0.652284
0.644076
0.636808
0.630272
0.624458
0.74391
0.72652
0.736121
0.71841
0.704691
0.691172
0.679162
0.668382
0.659624
0.650663
0.642579
0.635207
0.629031
0.623472
0.618385
0.613686
0.609866
0.605843
0.602481
0.599292
0.61632
0.611827
0.608807
0.625136
0.641266
0.634074
0.628202
0.622521
0.61745
0.675718
0.664587
0.655172
0.646794
0.658899
0.649809
0.642229
0.635155
0.628504
0.64414
0.63666
0.629929
0.623861
0.618514
0.613613
0.609276
0.605366
0.601325
0.598233
0.595344
0.591515
0.58876
0.653436
0.645091
0.658992
0.650027
0.641888
0.633818
0.627246
0.621647
0.616212
0.611817
0.607569
0.66231
0.653001
0.66532
0.655821
0.647503
0.639764
0.632687
0.647655
0.639904
0.633213
0.628128
0.622317
0.61661
0.612632
0.608508
0.630537
0.624757
0.619405
0.614431
0.609717
0.62608
0.620432
0.615525
0.611111
0.606772
0.603234
0.626136
0.620725
0.615693
0.611074
0.607704
0.604073
0.602174
0.598418
0.595101
0.611776
0.607725
0.603817
0.600449
0.597544
0.594964
0.592402
0.590154
0.651599
0.643466
0.636124
0.629494
0.623083
0.617833
0.613116
0.608783
0.605041
0.601471
0.598153
0.595918
0.652106
0.64398
0.636628
0.630246
0.643816
0.636983
0.630223
0.686394
0.674766
0.664592
0.654824
0.646583
0.639473
0.759641
0.740612
0.743555
0.726182
0.71054
0.696577
0.683854
0.694793
0.681839
0.690864
0.680018
0.669015
0.659166
0.669278
0.659505
0.650694
0.642732
0.635288
0.628501
0.622541
0.674111
0.66414
0.673959
0.663206
0.654015
0.646076
0.638771
0.6318
0.624911
0.619578
0.615377
0.673465
0.663303
0.652678
0.644536
0.635993
0.628794
0.622235
0.678171
0.666885
0.657131
0.64784
0.641632
0.635283
0.686258
0.674771
0.663649
0.654225
0.672761
0.662381
0.653135
0.644756
0.637531
0.630831
0.624887
0.619538
0.614723
0.610396
0.606454
0.602334
0.599191
0.596348
0.591599
0.589793
0.588087
0.586187
0.603754
0.600313
0.597421
0.594409
0.591678
0.589592
0.587362
0.585778
0.584314
0.582596
0.581456
0.581269
0.580643
0.579513
0.578733
0.577992
0.576696
0.57613
0.575656
0.573844
0.57358
0.573326
0.571744
0.571504
0.571492
0.570746
0.680043
0.668983
0.659019
0.649539
0.669782
0.659303
0.649885
0.641831
0.634582
0.628266
0.622364
0.617094
0.611843
0.608226
0.604508
0.601059
0.618044
0.613174
0.60881
0.605923
0.603449
0.599955
0.596152
0.593432
0.649392
0.641534
0.63452
0.628044
0.647355
0.641259
0.634145
0.627872
0.622256
0.617592
0.612768
0.60743
0.603007
0.599913
0.596846
0.614986
0.610546
0.605847
0.603016
0.599853
0.597042
0.594352
0.592056
0.590076
0.587574
0.585956
0.584311
0.582609
0.608832
0.605645
0.601954
0.598152
0.595681
0.594071
0.591829
0.58959
0.587616
0.60586
0.602483
0.599374
0.596445
0.593411
0.591005
0.588986
0.587226
0.585275
0.583688
0.58123
0.580246
0.579169
0.598689
0.596164
0.593898
0.592431
0.590212
0.58833
0.586502
0.584994
0.583429
0.582225
0.580451
0.579356
0.577741
0.578152
0.577444
0.597069
0.595116
0.592744
0.590445
0.588335
0.586641
0.584911
0.583658
0.581277
0.580471
0.579537
0.579139
0.578159
0.577278
0.576484
0.638644
0.632191
0.626053
0.620574
0.642533
0.63506
0.628694
0.623175
0.618271
0.613686
0.610221
0.606169
0.602976
0.660233
0.651484
0.642086
0.635016
0.628449
0.622718
0.616804
0.612282
0.607365
0.603883
0.600429
0.597573
0.594571
0.592429
0.590181
0.588507
0.586386
0.584647
0.583184
0.58131
0.580245
0.605705
0.600002
0.597224
0.594452
0.592152
0.591241
0.589256
0.587265
0.585473
0.583876
0.582762
0.582025
0.580306
0.579322
0.578119
0.577283
0.577206
0.57642
0.576122
0.575793
0.637407
0.63079
0.645547
0.638007
0.653259
0.645047
0.637681
0.628848
0.623012
0.618465
0.612734
0.609079
0.605423
0.663076
0.65463
0.646249
0.638744
0.696086
0.683616
0.672333
0.661842
0.652231
0.644038
0.636834
0.630184
0.624094
0.642581
0.635942
0.629352
0.623083
0.617914
0.613639
0.674541
0.664629
0.655101
0.646631
0.638739
0.632004
0.625898
0.621046
0.637796
0.63111
0.625343
0.619923
0.61666
0.612952
0.608736
0.714364
0.699946
0.68709
0.675469
0.68565
0.673373
0.663002
0.654033
0.645769
0.638434
0.631733
0.625801
0.619999
0.61509
0.610925
0.606972
0.603228
0.706336
0.692966
0.681218
0.670031
0.679418
0.669025
0.677115
0.667362
0.657745
0.649005
0.641307
0.633522
0.62737
0.686694
0.675164
0.664786
0.655533
0.648249
0.640147
0.661739
0.652685
0.662927
0.653364
0.644722
0.637398
0.630612
0.624892
0.619542
0.61456
0.611229
0.670129
0.660277
0.651184
0.643198
0.66188
0.652652
0.644497
0.636931
0.629612
0.623585
0.618216
0.613341
0.608986
0.605582
0.601344
0.598291
0.595601
0.593235
0.589626
0.587992
0.586242
0.709695
0.695864
0.70934
0.695488
0.68273
0.671423
0.661215
0.653666
0.645234
0.699904
0.687885
0.697535
0.684802
0.673461
0.662848
0.673802
0.66253
0.652597
0.644534
0.637038
0.629811
0.623764
0.618959
0.614337
0.610039
0.606209
0.602661
0.599534
0.706697
0.693256
0.681262
0.670889
0.660411
0.6515
0.643284
0.636095
0.629977
0.624112
0.618091
0.633738
0.627382
0.621783
0.617118
0.722475
0.70745
0.820855
0.795909
0.773377
0.752392
0.734145
0.71824
0.703556
0.690339
0.67824
0.667731
0.65779
0.648945
0.641132
0.63412
0.627722
0.749065
0.731221
0.742272
0.725334
0.708545
0.694756
0.682173
0.67089
0.66176
0.652742
0.644287
0.637202
0.630413
0.624511
0.618223
0.640116
0.633209
0.626787
0.621231
0.61626
0.612861
0.608737
0.604798
0.601447
0.708189
0.694436
0.744826
0.72747
0.711471
0.698065
0.685401
0.674
0.66468
0.655166
0.646027
0.640202
0.63373
0.691394
0.680203
0.777662
0.756916
0.866348
0.836647
0.810115
0.786038
0.766171
0.745777
0.728214
0.780526
0.760022
0.741968
0.725093
0.710542
0.696422
0.747203
0.729602
0.779893
0.758528
0.740189
0.724087
0.708625
0.694582
0.682023
0.671398
0.680239
0.669329
0.659532
0.650513
0.642038
0.634263
0.627745
0.622724
0.617399
0.680843
0.669853
0.66018
0.651314
0.643322
0.636628
0.629832
0.623892
0.619209
0.614597
0.609995
0.60593
0.602322
0.598567
0.595715
0.594153
0.591858
0.726992
0.711186
0.823993
0.798711
0.776216
0.755621
0.737115
0.721913
0.706889
0.693336
0.680937
0.670808
0.660867
0.651714
0.643564
0.636567
0.629896
0.624046
0.61808
0.613411
0.609004
0.605192
0.601629
0.598762
0.595824
0.593371
0.59044
0.588331
0.586432
0.584954
0.583127
0.582069
0.580982
0.57992
0.579282
0.57857
0.577798
0.577
0.684369
0.673071
0.680257
0.669575
0.659351
0.650523
0.661058
0.652091
0.643896
0.63646
0.629912
0.623993
0.61839
0.61386
0.609613
0.605654
0.602035
0.598971
0.5962
0.659908
0.650861
0.752892
0.733984
0.717651
0.702891
0.689776
0.677717
0.667065
0.657184
0.648768
0.640989
0.632951
0.627
0.621439
0.616434
0.61194
0.608048
0.604178
0.668413
0.658739
0.714267
0.69998
0.687156
0.675394
0.684917
0.673481
0.663068
0.653695
0.64527
0.63777
0.63078
0.624803
0.619257
0.61488
0.610531
0.607081
0.603292
0.669529
0.659766
0.650772
0.643324
0.745875
0.728346
0.712241
0.697756
0.684966
0.673756
0.663235
0.653785
0.645341
0.637962
0.631347
0.625047
0.619819
0.614772
0.610386
0.607357
0.603556
0.665261
0.65572
0.756455
0.737949
0.720884
0.705784
0.714134
0.69929
0.705847
0.692303
0.67872
0.667812
0.658099
0.648587
0.640714
0.633596
0.627248
0.621694
0.616459
0.612596
0.608354
0.604862
0.601448
0.598442
0.595897
0.593856
0.591476
0.589467
0.587609
0.58614
0.584672
0.583149
0.582024
0.580728
0.579964
0.578943
0.598258
0.596391
0.593277
0.592147
0.589493
0.587683
0.586054
0.584367
0.644624
0.637301
0.630505
0.624988
0.619452
0.614864
0.610312
0.606301
0.602871
0.599663
0.596544
0.594029
0.591618
0.587752
0.586116
0.584516
0.582525
0.581386
0.580371
0.580154
0.579445
0.579148
0.578513
0.647228
0.639645
0.740224
0.723136
0.70809
0.694231
0.681861
0.6706
0.66026
0.651171
0.671046
0.661068
0.652222
0.644347
0.636847
0.628714
0.62286
0.617697
0.612862
0.609192
0.605396
0.601989
0.597515
0.595107
0.592714
0.590562
0.589055
0.586553
0.583798
0.648893
0.64099
0.633588
0.627087
0.684391
0.67473
0.6859
0.674251
0.685104
0.674347
0.663847
0.653987
0.64574
0.63915
0.632199
0.626086
0.620469
0.615552
0.611136
0.606899
0.604932
0.601572
0.599578
0.596663
0.594245
0.592533
0.590284
0.58819
0.586305
0.693384
0.681258
0.670272
0.661052
0.652003
0.644147
0.636871
0.630362
0.624273
0.618946
0.614585
0.610166
0.606084
0.60241
0.599123
0.595914
0.59327
0.591271
0.589421
0.609752
0.606079
0.602499
0.599388
0.597235
0.594446
0.592124
0.590045
0.655607
0.647006
0.706197
0.693782
0.702967
0.689816
0.678233
0.667392
0.657933
0.649339
0.641308
0.634329
0.628035
0.622371
0.638118
0.631202
0.62604
0.620527
0.616379
0.675778
0.665224
0.655949
0.647289
0.639699
0.632753
0.626438
0.620914
0.615805
0.611332
0.60729
0.603495
0.617933
0.613132
0.670574
0.66072
0.717505
0.702689
0.690161
0.678159
0.667463
0.65769
0.669751
0.66053
0.650755
0.642624
0.636012
0.629442
0.623637
0.618284
0.613595
0.609272
0.605308
0.60128
0.598086
0.595401
0.592994
0.590843
0.589375
0.587576
0.586768
0.585057
0.583041
0.581828
0.580772
0.645885
0.638634
0.63232
0.626432
0.620835
0.615836
0.631808
0.625693
0.620234
0.682111
0.669794
0.659913
0.651041
0.643054
0.636019
0.629323
0.62392
0.618533
0.613614
0.608163
0.604262
0.623164
0.618249
0.674395
0.664258
0.720018
0.704951
0.758302
0.7398
0.790748
0.768972
0.749166
0.731392
0.825997
0.801141
0.777977
0.757319
0.801881
0.779037
0.758817
0.740109
0.723238
0.708072
0.694254
0.681763
0.69223
0.680114
0.668448
0.658743
0.650212
0.641885
0.63483
0.628361
0.622635
0.618158
0.613359
0.609163
0.605386
0.60181
0.597991
0.594835
0.59235
0.656644
0.648753
0.640991
0.634111
0.691129
0.679155
0.73371
0.717459
0.7033
0.6901
0.678066
0.666784
0.65721
0.648721
0.662268
0.653308
0.644909
0.637458
0.652122
0.642826
0.660464
0.651531
0.642183
0.635104
0.628323
0.643804
0.636563
0.629915
0.622846
0.617854
0.612975
0.608106
0.604191
0.600911
0.596788
0.59405
0.592293
0.59091
0.58933
0.6092
0.6062
0.602726
0.599592
0.596839
0.59425
0.591759
0.589505
0.587694
0.58599
0.60501
0.601344
0.598144
0.595373
0.59277
0.59044
0.589332
0.587762
0.586023
0.584547
0.583308
0.582731
0.581802
0.5807
0.57959
0.57861
0.600368
0.597423
0.594868
0.592386
0.589694
0.655304
0.646983
0.638874
0.631921
0.626914
0.621282
0.616079
0.611588
0.608182
0.604612
0.60129
0.598243
0.595663
0.593188
0.590471
0.588582
0.586854
0.585103
0.583716
0.582496
0.581178
0.580404
0.579298
0.579531
0.578621
0.57769
0.577035
0.576525
0.576508
0.576623
0.5761
0.57569
0.575184
0.640929
0.634036
0.628694
0.622963
0.617601
0.612942
0.608582
0.604233
0.601019
0.598226
0.595434
0.592815
0.589627
0.587698
0.585446
0.584018
0.602893
0.599026
0.596426
0.593868
0.591778
0.698552
0.687269
0.675669
0.665497
0.655882
0.64743
0.641016
0.634031
0.627684
0.621988
0.682055
0.671004
0.662266
0.652973
0.711638
0.69778
0.750472
0.732519
0.717382
0.702579
0.689265
0.677698
0.666888
0.657185
0.648596
0.640569
0.633593
0.627143
0.641433
0.634455
0.627941
0.623569
0.617862
0.613135
0.608375
0.624149
0.618742
0.634487
0.628587
0.622867
0.617688
0.613058
0.608748
0.606036
0.602572
0.600068
0.597044
0.594479
0.592349
0.589693
0.587844
0.58642
0.585506
0.584024
0.582786
0.580546
0.579426
0.578632
0.578122
0.577392
0.576667
0.575442
0.574861
0.574693
0.574501
0.574599
0.574067
0.575886
0.575773
0.575479
0.574206
0.639026
0.632262
0.689254
0.697416
0.684948
0.673183
0.662914
0.65357
0.64557
0.637781
0.695241
0.683208
0.673019
0.663125
0.653887
0.645638
0.638172
0.629519
0.623828
0.619183
0.614413
0.609907
0.606004
0.602597
0.5998
0.596754
0.594832
0.592453
0.590181
0.588212
0.586793
0.585365
0.583606
0.58233
0.581201
0.579439
0.57843
0.577576
0.576957
0.576401
0.575794
0.575552
0.575347
0.575154
0.574352
0.574177
0.576145
0.575683
0.575049
0.57459
0.574101
0.57383
0.573996
0.573537
0.572913
0.572706
0.573394
0.573194
0.573775
0.573543
0.573805
0.573484
0.573467
0.573259
0.572749
0.572732
0.572249
0.572352
0.572256
0.572381
0.572282
0.572171
0.572573
0.633252
0.62728
0.684974
0.673795
0.664169
0.654956
0.646423
0.639032
0.631423
0.625254
0.641976
0.634918
0.628361
0.622664
0.637127
0.630448
0.650142
0.643381
0.636182
0.629601
0.623178
0.617855
0.61302
0.608858
0.605111
0.60172
0.598597
0.595762
0.593325
0.590927
0.588948
0.587134
0.585698
0.584165
0.582683
0.646539
0.660989
0.6521
0.643904
0.636487
0.629798
0.686831
0.675287
0.665173
0.655795
0.712359
0.698797
0.751388
0.733663
0.782422
0.76154
0.760778
0.74182
0.788671
0.767046
0.747529
0.729944
0.777781
0.75703
0.738467
0.721961
0.707134
0.69373
0.743141
0.726324
0.711113
0.697086
0.745672
0.727927
0.71227
0.699411
0.751531
0.733546
0.779657
0.758373
0.739851
0.72271
0.728327
0.712759
0.760676
0.741905
0.786703
0.765105
0.74614
0.728636
0.712857
0.699121
0.79468
0.772352
0.772307
0.751662
0.791788
0.76853
0.748816
0.731073
0.714286
0.700054
0.68714
0.675482
0.665124
0.655594
0.646969
0.639347
0.633371
0.627196
0.62149
0.616289
0.611572
0.607349
0.603254
0.600074
0.621084
0.616131
0.611657
0.607714
0.604082
0.601459
0.620363
0.61545
0.610855
0.606915
0.603465
0.600629
0.59791
0.595258
0.593077
0.590726
0.588588
0.586881
0.613486
0.609401
0.60633
0.60345
0.600417
0.597508
0.5949
0.592344
0.590243
0.588246
0.586355
0.584654
0.602253
0.600316
0.597167
0.594705
0.592578
0.590229
0.588141
0.586466
0.584811
0.583265
0.582282
0.580579
0.581049
0.578771
0.578033
0.577331
0.576737
0.576087
0.575502
0.575706
0.575198
0.574635
0.574214
0.57398
0.572982
0.573847
0.59196
0.589801
0.58699
0.585594
0.584561
0.582617
0.581289
0.580584
0.578996
0.579874
0.579429
0.578686
0.577775
0.577284
0.577744
0.577314
0.576721
0.576188
0.575674
0.575802
0.573752
0.573621
0.572627
0.571889
0.570995
0.571022
0.590348
0.587838
0.585989
0.584251
0.605413
0.601992
0.59873
0.595996
0.593331
0.5909
0.588738
0.586799
0.5845
0.583314
0.600784
0.596616
0.593588
0.591544
0.589305
0.58721
0.585513
0.584715
0.583268
0.581879
0.580782
0.579801
0.57897
0.599102
0.596641
0.593911
0.590568
0.587883
0.586029
0.584565
0.611526
0.606738
0.602884
0.599712
0.596864
0.615411
0.629857
0.623368
0.617405
0.611988
0.607154
0.603015
0.598192
0.595361
0.592964
0.59082
0.588826
0.587083
0.603603
0.600497
0.597382
0.594409
0.592331
0.590307
0.615027
0.610664
0.606941
0.604081
0.601017
0.597798
0.595567
0.593175
0.590997
0.589446
0.589279
0.587567
0.586769
0.585026
0.583666
0.582797
0.581461
0.580333
0.579356
0.578412
0.5969
0.594356
0.591861
0.609309
0.605511
0.602108
0.598979
0.596217
0.593677
0.591244
0.588439
0.587141
0.58539
0.583968
0.582349
0.599275
0.596532
0.593413
0.591086
0.590202
0.588321
0.586644
0.584997
0.583637
0.582617
0.581494
0.581694
0.580907
0.579952
0.579234
0.577819
0.577314
0.576517
0.576065
0.575758
0.574707
0.574436
0.574065
0.573567
0.572134
0.571883
0.571834
0.572017
0.572457
0.600891
0.598348
0.595284
0.592895
0.591151
0.58938
0.587482
0.585259
0.603856
0.600789
0.618739
0.614087
0.609783
0.607095
0.60285
0.599829
0.596931
0.594179
0.5919
0.589219
0.586847
0.584687
0.582148
0.580586
0.579462
0.580844
0.579694
0.578864
0.606788
0.603063
0.599979
0.595809
0.593162
0.5916
0.589476
0.587601
0.585906
0.583911
0.582364
0.581062
0.579737
0.578573
0.577692
0.577676
0.577048
0.576479
0.575337
0.595022
0.59272
0.591048
0.617438
0.613175
0.607864
0.604415
0.600908
0.597957
0.594567
0.592282
0.590398
0.588497
0.586812
0.606774
0.603393
0.600193
0.622481
0.617167
0.612689
0.610057
0.606021
0.603038
0.599259
0.596526
0.593971
0.590485
0.588665
0.586874
0.610724
0.606237
0.602634
0.59888
0.596051
0.593531
0.59043
0.588741
0.587038
0.58611
0.583995
0.582652
0.58173
0.580674
0.580303
0.579309
0.578492
0.577628
0.576874
0.576783
0.576327
0.57544
0.574421
0.573968
0.573624
0.573605
0.599838
0.597096
0.623198
0.618132
0.613362
0.609396
0.605726
0.602293
0.600134
0.597161
0.594785
0.592465
0.590412
0.588411
0.614152
0.609969
0.605292
0.601582
0.598682
0.596119
0.593646
0.591415
0.589195
0.587622
0.586732
0.585377
0.584017
0.582956
0.582325
0.581436
0.580355
0.579254
0.578378
0.577667
0.57709
0.576677
0.57621
0.575376
0.575077
0.574631
0.574474
0.573814
0.573719
0.573486
0.573277
0.572995
0.572634
0.571732
0.572107
0.571924
0.571755
0.571514
0.571617
0.57098
0.571057
0.57109
0.571325
0.571204
0.570445
0.570741
0.570781
0.570964
0.570267
0.570511
0.570573
0.570086
0.570108
0.570402
0.570706
0.570784
0.570144
0.570179
0.569923
0.56992
0.569286
0.569906
0.569325
0.569615
0.569876
0.694341
0.682587
0.671503
0.661719
0.6526
0.643903
0.636857
0.630646
0.624711
0.619511
0.614894
0.610134
0.606122
0.603244
0.599883
0.597431
0.594417
0.592038
0.589769
0.58804
0.586503
0.584829
0.58369
0.582409
0.581141
0.580342
0.579408
0.578402
0.577496
0.57782
0.577107
0.576062
0.57539
0.57499
0.574058
0.573791
0.57343
0.572173
0.57221
0.599959
0.597099
0.594723
0.592077
0.590213
0.588385
0.586071
0.58422
0.582838
0.581226
0.581241
0.580192
0.57936
0.578557
0.577696
0.577088
0.576496
0.57604
0.575553
0.575742
0.574587
0.574133
0.601916
0.598733
0.596015
0.594647
0.59243
0.590941
0.589373
0.588138
0.587142
0.585615
0.584122
0.581784
0.580693
0.580173
0.580181
0.579257
0.578464
0.577757
0.599626
0.596761
0.614336
0.611056
0.606946
0.602891
0.599536
0.596722
0.594189
0.591704
0.589081
0.587031
0.585489
0.604937
0.621602
0.616581
0.611809
0.607415
0.630168
0.624211
0.619962
0.615019
0.609716
0.733077
0.717113
0.702592
0.689491
0.678091
0.667421
0.6577
0.648208
0.640328
0.633467
0.626469
0.620343
0.615243
0.611188
0.627573
0.641795
0.634313
0.627592
0.621972
0.615487
0.610953
0.606312
0.601444
0.598435
0.595235
0.59192
0.589889
0.58804
0.586679
0.605297
0.601948
0.625315
0.620304
0.615451
0.61052
0.606607
0.602881
0.599092
0.596172
0.593591
0.591371
0.616852
0.612428
0.635802
0.629361
0.649785
0.641741
0.634697
0.628213
0.623635
0.61841
0.613094
0.608953
0.605251
0.601843
0.618343
0.613651
0.609176
0.604988
0.601763
0.598726
0.596075
0.592954
0.590692
0.589377
0.587498
0.585888
0.584726
0.583233
0.583159
0.581838
0.580992
0.579827
0.578549
0.577647
0.576772
0.575793
0.57533
0.574872
0.574518
0.574282
0.602783
0.600569
0.623485
0.638448
0.632383
0.626306
0.620552
0.616055
0.611704
0.607644
0.603405
0.6006
0.616726
0.611834
0.609041
0.625516
0.619697
0.614723
0.610428
0.605478
0.601455
0.598449
0.59542
0.593017
0.590832
0.587045
0.584865
0.604824
0.631407
0.624893
0.620138
0.614445
0.609935
0.605843
0.602789
0.599316
0.596114
0.593725
0.618036
0.613157
0.639291
0.631778
0.626856
0.621172
0.61558
0.61095
0.606783
0.60309
0.59977
0.596916
0.594364
0.593007
0.590862
0.588912
0.586545
0.58414
0.582661
0.580916
0.579477
0.578464
0.577142
0.574801
0.574515
0.574186
0.574716
0.594611
0.591717
0.590222
0.587596
0.585771
0.584448
0.583143
0.581651
0.580625
0.578883
0.5783
0.578633
0.577295
0.603149
0.600073
0.597157
0.594628
0.592481
0.590272
0.588724
0.586821
0.58508
0.583516
0.583314
0.582135
0.580434
0.579529
0.599772
0.596729
0.59424
0.591859
0.58962
0.587593
0.585973
0.584512
0.583014
0.581657
0.580521
0.59958
0.596607
0.594095
0.59203
0.589976
0.587893
0.58553
0.58409
0.583006
0.609032
0.605473
0.601338
0.598577
0.615923
0.61147
0.606476
0.603089
0.625929
0.620524
0.61561
0.611022
0.606874
0.603143
0.599814
0.597225
0.594574
0.611623
0.635299
0.628847
0.623102
0.617867
0.613424
0.609221
0.605576
0.602132
0.599906
0.596587
0.593917
0.591661
0.617471
0.612745
0.608491
0.604743
0.62712
0.621537
0.615345
0.610745
0.607031
0.604465
0.601363
0.598366
0.595476
0.592953
0.590822
0.589471
0.586294
0.584637
0.582647
0.581317
0.580161
0.578801
0.57805
0.576751
0.601815
0.599362
0.596526
0.613526
0.635329
0.628935
0.62345
0.618049
0.613242
0.609816
0.605801
0.60236
0.598617
0.595779
0.593107
0.590349
0.614668
0.610341
0.633777
0.627334
0.648773
0.640421
0.633297
0.627026
0.621319
0.616416
0.612938
0.608777
0.605243
0.601125
0.597921
0.595268
0.592932
0.591392
0.617527
0.612872
0.609658
0.605831
0.602548
0.599646
0.596696
0.594185
0.591755
0.589709
0.614146
0.609871
0.606228
0.603375
0.628234
0.622959
0.617598
0.61314
0.609394
0.60578
0.601653
0.599011
0.623721
0.618488
0.615007
0.611132
0.607017
0.604274
0.601383
0.598233
0.595405
0.593065
0.590897
0.588905
0.587138
0.585518
0.584099
0.582909
0.600394
0.597494
0.594775
0.592529
0.590377
0.588293
0.587057
0.58672
0.604864
0.601721
0.624964
0.619606
0.61419
0.60991
0.60546
0.602018
0.59877
0.595827
0.593198
0.591046
0.588822
