5.68742
5.65248
5.82967
5.90828
5.84467
5.81909
5.9589
6.03639
5.96851
5.99182
6.29069
6.19779
6.10946
6.26587
6.19362
6.1069
6.0336
6.19126
6.11714
6.03495
5.96045
6.06997
6.00487
5.94915
5.88833
5.8031
5.67777
5.56116
5.54215
5.63227
5.52203
5.45168
5.35571
5.45571
5.36491
5.28021
5.20789
5.17691
5.16897
5.09382
5.0348
4.97348
4.99528
4.93976
4.8891
4.85011
4.80442
4.82583
4.78457
4.74546
4.71329
4.73389
4.76362
4.7313
4.69767
4.6677
4.88161
4.84412
4.79986
4.75155
4.78307
4.92235
4.90752
4.85442
4.80722
4.94911
4.90609
4.84741
4.79734
4.78033
4.79652
4.75273
4.71358
4.6839
4.72012
4.69969
4.66094
4.62727
4.60559
4.7436
4.71121
4.67166
4.63439
4.63901
4.65544
4.62727
4.61534
4.6613
4.90869
4.85077
4.79741
4.74904
4.74845
4.88406
4.8292
4.77346
4.73162
4.76765
4.72708
4.68384
4.64817
4.63154
4.65727
4.62879
4.59865
4.5746
4.58041
4.60201
4.57698
4.54438
4.52305
4.56369
4.54437
4.51792
4.49319
4.47579
4.51075
4.5674
4.54496
4.51831
4.56004
4.82616
4.77736
4.72442
4.71931
4.72776
4.68423
4.6407
4.61797
4.62117
4.63644
4.61789
4.58025
4.55075
4.58413
4.55908
4.54107
4.5139
4.53429
4.57118
4.53933
4.51589
4.50151
4.63841
4.60835
4.60527
4.66017
4.69233
4.80944
4.76339
4.71439
4.67575
4.70851
4.69972
4.65571
4.61241
4.61227
4.63861
4.60256
4.5682
4.54054
4.57043
4.55455
4.52216
4.49302
4.46581
4.59921
4.56446
4.53543
4.51125
4.51838
4.54803
4.53363
4.51045
4.48785
4.64163
4.69195
4.67053
4.6354
4.66464
4.91435
4.8489
4.7986
4.74314
4.86725
4.81149
4.75692
4.71085
4.69818
4.71407
4.67827
4.63283
4.59696
4.72114
4.66976
4.62611
4.59301
4.58878
4.63323
4.59635
4.5631
4.53421
4.58541
4.56884
4.54556
4.53394
4.51759
4.59912
4.56376
4.52885
4.5023
4.52145
4.5616
4.60554
4.57158
4.54102
4.59349
4.57242
4.54362
4.51101
4.50048
4.51871
4.50495
4.48105
4.46048
4.47271
4.512
4.50133
4.47617
4.44814
4.5014
4.47522
4.45065
4.42721
4.407
4.57039
4.54732
4.51877
4.48982
4.5126
4.59176
4.55018
4.51801
4.48896
4.49536
4.53059
4.49998
4.47165
4.44943
4.59122
4.55957
4.52632
4.51003
4.51085
4.56176
4.53221
4.51032
4.47913
4.48882
4.51984
4.4948
4.46917
4.45716
4.49147
4.46617
4.46941
4.51971
4.52128
4.56874
4.62612
4.58558
4.53981
4.66684
4.6177
4.5813
4.55108
4.55222
4.58091
4.54261
4.50495
4.47368
4.48846
4.51551
4.48064
4.45729
4.43529
4.48318
4.51327
4.4826
4.45172
4.42952
4.55407
4.52252
4.48785
4.46874
4.47975
4.57942
4.54445
4.51698
4.48598
4.6739
4.62764
4.58165
4.54537
4.51278
4.542
4.50447
4.46894
4.43718
4.41146
4.49931
4.48023
4.45969
4.42844
4.56026
4.51936
4.4852
4.45734
4.43747
4.46466
4.43779
4.41598
4.40035
4.41559
4.4549
4.4239
4.43771
4.42055
4.4447
4.4776
4.52126
4.48534
4.44991
4.57729
4.5406
4.50405
4.47966
4.46241
4.49283
4.46161
4.4402
4.41344
4.43176
4.45951
4.43948
4.42686
4.39913
4.53477
4.50414
4.47951
4.45345
4.42866
4.56395
4.53494
4.507
4.4823
4.49426
4.57383
4.54374
4.51777
4.49049
4.5348
4.55844
4.57981
4.55334
4.51628
4.63499
4.59633
4.5506
4.51149
4.50762
4.5291
4.50238
4.46936
4.44416
4.46024
4.49631
4.45972
4.42955
4.40212
4.54251
4.52283
4.48755
4.4574
4.46349
4.48924
4.4591
4.42525
4.44311
4.58003
4.53778
4.50138
4.4676
4.4329
4.56536
4.52026
4.48419
4.4538
4.46966
4.50726
4.47392
4.44565
4.42203
4.45087
4.48112
4.45013
4.42811
4.39946
4.53255
4.49406
4.47002
4.43813
4.40725
4.54058
4.51092
4.48013
4.44679
4.45052
4.52176
4.5026
4.46792
4.43831
4.43806
4.45506
4.48363
4.45818
4.4279
4.47029
4.44413
4.41586
4.39027
4.37276
4.50851
4.47258
4.43571
4.41158
4.4388
4.47149
4.44159
4.40855
4.37744
4.39236
4.42869
4.4067
4.38552
4.39407
4.41731
4.40179
4.38555
4.42098
4.43313
4.60001
4.57186
4.52809
4.48835
4.60986
4.55761
4.51339
4.47305
4.44255
4.57624
4.53887
4.49695
4.45848
4.46524
4.49508
4.45917
4.4245
4.39845
4.41797
4.44255
4.40844
4.38641
4.36311
4.49458
4.46292
4.4339
4.41113
4.38863
4.46214
4.4462
4.40815
4.38674
4.41329
4.46635
4.43916
4.41003
4.38599
4.51928
4.48187
4.44164
4.41193
4.38956
4.40792
4.38765
4.3722
4.35048
4.48946
4.45379
4.42539
4.40146
4.40389
4.43153
4.40699
4.38013
4.35172
4.37887
4.40499
4.39395
4.41469
4.384
4.42086
4.54543
4.54442
4.50956
4.52477
4.5552
4.51559
4.47681
4.44912
4.46481
4.48589
4.44957
4.41701
4.38712
4.36155
4.45869
4.43364
4.40791
4.37542
4.50616
4.48013
4.445
4.41542
4.38859
4.41996
4.39346
4.3744
4.34282
4.35275
4.40357
4.40102
4.3706
4.35113
4.39684
4.50663
4.47602
4.44045
4.40908
4.54264
4.50268
4.47185
4.441
4.41022
4.53477
4.48864
4.45147
4.4258
4.43716
4.46728
4.43246
4.40515
4.37721
4.39744
4.4236
4.39729
4.36998
4.34273
4.48098
4.44157
4.40885
4.38126
4.4115
4.47068
4.43223
4.39432
4.36406
4.36013
4.40499
4.42937
4.39857
4.37152
4.37592
4.42849
4.39317
4.37287
4.35017
4.47917
4.43963
4.40858
4.37712
4.34757
4.47724
4.4384
4.40604
4.37389
4.34631
4.3731
4.34719
4.31634
4.28819
4.30682
4.33945
4.32105
4.32147
4.33847
4.36317
4.394
4.41575
4.38227
4.3555
4.49344
4.4527
4.41845
4.38477
4.35946
4.48692
4.45067
4.41029
4.37988
4.35077
4.47854
4.4401
4.4018
4.36966
4.37245
4.39791
4.36792
4.34237
4.31316
4.32703
4.35867
4.3318
4.30437
4.33745
4.47925
4.44365
4.43961
4.4034
4.37482
4.39079
4.41
4.39274
4.36414
4.33492
4.36323
4.33903
4.31104
4.29488
4.31144
4.34056
4.31693
4.29791
4.2791
4.42422
4.3871
4.35473
4.32163
4.30055
4.40583
4.37383
4.34173
4.32105
4.30182
4.33411
4.35702
4.33071
4.29816
4.32672
4.37813
4.3808
4.35214
4.31932
4.34327
4.35562
4.32516
4.29775
4.2739
4.38798
4.36197
4.32821
4.30458
4.27573
4.38432
4.35362
4.31882
4.28587
4.26153
4.29317
4.26843
4.24874
4.22747
4.23908
4.27718
4.25326
4.23213
4.23122
4.28281
4.388
4.39663
4.35558
4.3265
4.34876
4.38995
4.35851
4.33533
4.30976
4.3419
4.3096
4.2821
4.2578
4.23488
4.27299
4.25591
4.23011
4.21222
4.22341
4.26677
4.24595
4.22829
4.21197
4.23171
4.27812
4.25562
4.22689
4.20422
4.33523
4.32278
4.34717
4.32369
4.3136
4.34512
4.37144
4.34021
4.30689
4.31362
4.33779
4.30959
4.28286
4.26065
4.28762
4.32059
4.29319
4.27314
4.25507
4.28969
4.27051
4.24072
4.22709
4.20272
4.3399
4.31534
4.29441
4.26638
4.24671
4.27506
4.2535
4.23032
4.23791
4.26591
4.41011
4.38017
4.35177
4.33008
4.35442
4.41128
4.38002
4.35322
4.3316
4.35283
4.45618
4.4336
4.39356
4.37162
4.48005
4.44103
4.41226
4.39096
4.3597
4.39132
4.36184
4.33516
4.30818
4.31174
4.34101
4.31985
4.29933
4.27513
4.28894
4.32038
4.34664
4.33203
4.31628
4.34976
4.33632
4.30333
4.27645
4.2552
4.3633
4.33616
4.31053
4.286
4.2642
4.37722
4.37008
4.3599
4.33473
4.31375
4.42815
4.40133
4.37723
4.34823
4.32623
4.34968
4.3198
4.30132
4.28274
4.39595
4.37008
4.34484
4.31505
4.28823
4.32414
4.34234
4.32232
4.29281
4.3317
4.38303
4.35779
4.3312
4.30677
4.41549
4.37842
4.35592
4.32871
4.30843
4.42639
4.39922
4.36723
4.33162
4.305
4.41941
4.38052
4.34876
4.31512
4.29614
4.40925
4.37727
4.34346
4.31626
4.29098
4.3172
4.29645
4.27258
4.25558
4.27364
4.32571
4.35555
4.33512
4.30015
4.32722
4.31065
4.28792
4.25792
4.24127
4.26746
4.25173
4.22775
4.21435
4.19806
4.2286
4.21166
4.19722
4.18166
4.19975
4.23463
4.22566
4.20894
4.19376
4.19893
4.2509
4.23028
4.21779
4.19168
4.20819
4.24748
4.23884
4.22248
4.20573
4.23005
4.29683
4.26343
4.24403
4.22921
4.27501
4.32708
4.3031
4.27568
4.25425
4.35925
4.32433
4.30478
4.27552
4.24856
4.3706
4.33761
4.31574
4.29232
4.27045
4.29549
4.26888
4.24804
4.23242
4.22447
4.2659
4.24365
4.22307
4.20258
4.23742
4.26629
4.29426
4.3156
4.29302
4.39594
4.39006
4.35028
4.31926
4.27607
4.29984
4.40165
4.36164
4.32416
4.29377
4.40538
4.37243
4.3338
4.31053
4.277
4.38708
4.34851
4.31243
4.28566
4.26409
4.29413
4.26486
4.23609
4.20798
4.1808
4.29684
4.26664
4.24302
4.22074
4.21789
4.27624
4.24801
4.21725
4.19304
4.19192
4.33874
4.32186
4.28768
4.26114
4.27958
4.3073
4.28323
4.25552
4.22863
4.24609
4.2674
4.24575
4.22138
4.19267
4.20225
4.24312
4.21079
4.18899
4.16921
4.20373
4.22862
4.1932
4.18307
4.1633
4.20306
4.18588
4.18518
4.17501
4.14931
4.19026
4.3093
4.28225
4.25099
4.22167
4.33262
4.30261
4.26744
4.24009
4.20645
4.31583
4.28055
4.24909
4.2237
4.19619
4.30864
4.26772
4.24128
4.21991
4.20202
4.2358
4.20156
4.17936
4.15471
4.16993
4.20029
4.17153
4.1468
4.1189
4.18903
4.23981
4.20823
4.18848
4.16441
4.27793
4.24386
4.21867
4.20021
4.17142
4.2844
4.24874
4.21217
4.18099
4.15488
4.13482
4.17547
4.1583
4.12932
4.09977
4.21485
4.18917
4.16853
4.14117
4.11304
4.22644
4.19823
4.17039
4.15036
4.12422
4.16812
4.16327
4.20139
4.1699
4.16272
4.19644
4.22819
4.19347
4.16983
4.18314
4.2162
4.18163
4.15991
4.1339
4.11985
4.14922
4.12468
4.10158
4.0814
4.05885
4.09412
4.0718
4.05603
4.03726
4.02572
4.14427
4.12263
4.09903
4.0807
4.0595
4.10133
4.07643
4.07267
4.05227
4.04272
4.09537
4.0719
4.05494
4.04611
4.03942
4.07274
4.19778
4.17368
4.13894
4.11578
4.23142
4.19727
4.16295
4.12778
4.102
4.13707
4.10851
4.08697
4.06208
4.05359
4.09785
4.08702
4.06463
4.04954
4.03472
4.15001
4.12115
4.09774
4.07443
4.06204
4.17731
4.15157
4.1452
4.13096
4.11211
4.13896
4.19016
4.16882
4.13247
4.10898
4.14066
4.1221
4.09895
4.08057
4.06877
4.18328
4.15619
4.1338
4.10954
4.08504
4.20418
4.17678
4.14638
4.11715
4.10057
4.21992
4.1979
4.16611
4.12982
4.10972
4.22693
4.18578
4.1521
4.13673
4.14927
4.20915
4.17598
4.14624
4.12639
4.13632
4.1622
4.19436
4.18771
4.15601
4.15333
4.17262
4.13431
4.11426
4.08576
4.06528
4.096
4.08027
4.06546
4.04924
4.03718
4.08812
4.07314
4.05292
4.05027
4.039
4.07687
4.0659
4.03717
4.01602
4.02689
4.05891
4.05954
4.09496
4.06334
4.11443
4.14069
4.1792
4.16529
4.13305
4.18607
4.37427
4.3233
4.28971
4.24495
4.35465
4.31216
4.26617
4.234
4.19785
4.30088
4.2588
4.22491
4.18765
4.14939
4.25767
4.21685
4.1834
4.15009
4.11789
4.23571
4.20138
4.17342
4.14663
4.13378
4.19569
4.16934
4.13945
4.12095
4.10589
4.22353
4.18991
4.16484
4.13523
4.11159
4.15056
4.11126
4.08803
4.06365
4.04195
4.07848
4.06171
4.04134
4.03247
4.01545
4.14961
4.12602
4.09585
4.07175
4.04258
4.16425
4.1357
4.10754
4.08486
4.06113
4.07137
4.11735
4.13221
4.11321
4.08192
4.11159
4.14077
4.18319
4.15235
4.12045
4.2419
4.21011
4.17824
4.14427
4.10732
4.23178
4.20366
4.16689
4.14394
4.10382
4.22531
4.19825
4.1657
4.13032
4.10995
4.14542
4.12239
4.10977
4.09085
4.08107
4.10485
4.07902
4.05942
4.03855
4.09037
4.1452
4.1636
4.13197
4.10707
4.11952
4.27855
4.24724
4.21507
4.1747
4.19447
4.30198
4.2703
4.22813
4.19566
4.20048
4.23589
4.19946
4.16311
4.13387
4.11738
4.15026
4.11965
4.10669
4.07807
4.09005
4.13344
4.11495
4.09567
4.06741
4.04754
4.08057
4.06991
4.06663
4.08989
4.09315
4.20976
4.19941
4.16715
4.1267
4.09993
4.15119
4.1248
4.09929
4.07384
4.08814
4.1131
4.098
4.07334
4.05393
4.06428
4.10196
4.08099
4.06441
4.04524
4.03803
4.16052
4.13424
4.10725
4.08792
4.07429
4.20514
4.18071
4.15729
4.12527
4.10098
4.22391
4.23078
4.20357
4.16655
4.16657
4.18982
4.22468
4.19059
4.1581
4.13675
4.18244
4.15562
4.13684
4.10948
4.09678
4.14114
4.11164
4.08756
4.07282
4.05807
4.09709
4.08098
4.06303
4.04446
4.05555
4.10055
4.08462
4.07126
4.05156
4.06152
4.11269
4.09129
4.14658
4.12549
4.13703
4.19334
4.23057
4.19508
4.17684
4.18024
4.2334
4.19897
4.17886
4.15192
4.16198
4.20517
4.17814
4.15027
4.12068
4.13449
4.18675
4.15849
4.13556
4.11543
4.13284
4.17086
4.14105
4.10981
4.08619
4.20659
4.16932
4.13455
4.10837
4.09524
4.23807
4.21649
4.19455
4.15972
4.20195
4.23591
4.26042
4.22234
4.20451
4.17916
4.21406
4.17693
4.14753
4.12166
4.10271
4.22207
4.19103
4.15387
4.13875
4.11604
4.23931
4.20479
4.17793
4.1524
4.12891
4.25318
4.22947
4.20235
4.17144
4.14096
4.26241
4.23512
4.21084
4.1842
4.21143
4.23449
4.34373
4.30383
4.27276
4.24526
4.27889
4.24067
4.21772
4.19334
4.18115
4.29427
4.25882
4.22131
4.18787
4.16437
4.21334
4.184
4.17228
4.14663
4.12457
4.16807
4.14273
4.12217
4.10307
4.07918
4.1314
4.11537
4.09275
4.08038
4.06552
4.29631
4.33359
4.29696
4.26171
4.28866
4.4145
4.36684
4.32378
4.27702
4.26917
4.29386
4.25155
4.22324
4.19018
4.19053
4.22004
4.18717
4.16313
4.13655
4.16607
4.19019
4.16192
4.13467
4.11907
4.1562
4.2071
4.17235
4.15345
4.13158
4.25213
4.22341
4.19545
4.17001
4.15252
4.26791
4.235
4.20394
4.16481
4.14178
4.1966
4.23636
4.27434
4.25568
4.23765
4.36148
4.32707
4.28114
4.25549
4.22268
4.33711
4.3022
4.26428
4.23516
4.20646
4.31836
4.28855
4.25358
4.22574
4.19147
4.30774
4.26957
4.23761
4.20665
4.17155
4.21896
4.19434
4.16669
4.18771
4.23486
4.36618
4.32799
4.29976
4.26362
4.26367
4.29534
4.32333
4.29703
4.26956
4.2606
4.38896
4.34992
4.30915
4.27346
4.2508
4.29208
4.26044
4.2391
4.21184
4.19332
4.24306
4.21176
4.18739
4.16301
4.14812
4.18369
4.1609
4.14235
4.11848
4.10743
4.16076
4.13511
4.12636
4.17985
4.18214
4.22005
4.29223
4.25296
4.23194
4.2325
4.26965
4.25075
4.23162
4.20584
4.22341
4.26697
4.23697
4.20738
4.20061
4.23406
4.2761
4.25014
4.23335
4.20155
4.25374
4.29657
4.25555
4.22645
4.19307
4.31501
4.29399
4.26026
4.25294
4.22516
4.32722
4.30389
4.2664
4.23875
4.2174
4.24151
4.36048
4.33014
4.31026
4.28184
4.31425
4.28444
4.2661
4.23557
4.2085
4.26777
4.24483
4.21958
4.1992
4.17503
4.22117
4.19788
4.17795
4.15743
4.14575
4.20361
4.18814
4.16398
4.15072
4.15123
4.19029
4.18639
4.20075
4.18925
4.21987
4.2637
4.29
4.26557
4.23532
4.27537
4.31478
4.27406
4.24813
4.22163
4.33468
4.30036
4.26856
4.25217
4.22571
4.34673
4.31879
4.27807
4.24518
4.21134
4.3274
4.299
4.26953
4.24103
4.26413
4.31018
4.27422
4.2415
4.21683
4.24529
4.31435
4.28377
4.25434
4.24035
4.28988
4.31819
4.36397
4.34151
4.31006
4.42731
4.3914
4.35408
4.31382
4.28692
4.40513
4.37674
4.33994
4.30851
4.27976
4.40072
4.37565
4.34258
4.31106
4.29927
4.32908
4.30413
4.27407
4.26261
4.25674
4.28021
4.26512
4.29353
4.29853
4.31383
4.49763
4.45907
4.41539
4.3771
4.39937
4.57978
4.52144
4.47191
4.42984
4.39338
4.35298
4.3261
4.40223
4.4437
4.47892
4.42638
4.39624
4.35577
4.47057
4.42508
4.38044
4.34319
4.31245
4.43679
4.40539
4.36749
4.34207
4.32156
4.48804
4.45843
4.41187
4.37924
4.35091
4.39468
4.40615
4.3672
4.34052
4.30624
4.33044
4.29729
4.27738
4.25719
4.23409
4.31932
4.2962
4.27428
4.25231
4.22581
4.35721
4.33082
4.30733
4.28212
4.27396
4.30613
4.27753
4.25879
4.25196
4.38548
4.35686
4.34498
4.35994
4.3315
4.34479
4.46181
4.43212
4.39567
4.35976
4.47695
4.44813
4.41709
4.37734
4.34932
4.37129
4.34637
4.31334
4.29755
4.27565
4.30405
4.29185
4.28473
4.26463
4.27436
4.30013
4.28265
4.27113
4.25808
4.39117
4.36657
4.33699
4.32209
4.30767
4.4645
4.43846
4.39731
4.36637
4.33544
4.356
4.49387
4.44302
4.42757
4.38733
4.41147
4.37752
4.34148
4.31694
4.30308
4.32947
4.30691
4.29024
4.27352
4.27877
4.29413
4.27657
4.26005
4.25138
4.27942
4.31022
4.29678
4.28383
4.26562
4.25316
4.24711
4.31676
4.32913
4.32055
4.34343
4.38975
4.38086
4.35893
4.38062
4.51493
4.47693
4.45461
4.41923
4.44457
4.45567
4.42904
4.40064
4.38083
4.50122
4.46009
4.42172
4.39336
4.39168
4.40446
4.37236
4.35343
4.3451
4.46771
4.4385
4.41142
4.38379
4.36294
4.5415
4.51739
4.4802
4.48993
4.49262
4.49661
4.47376
4.44317
4.41541
4.43655
4.40024
4.369
4.34088
4.35268
4.38511
4.35845
4.33446
4.32422
4.33811
4.36417
4.34372
4.32864
4.31049
4.32031
4.34545
4.32483
4.31159
4.29051
4.41909
4.39538
4.38529
4.41375
4.42191
4.45792
4.45075
4.44531
4.42756
4.45997
4.48788
4.44884
4.42318
4.38575
4.40736
4.50468
4.47685
4.44491
4.41879
4.44975
4.46066
4.43587
4.41192
4.38143
4.49848
4.46929
4.44198
4.42238
4.42259
4.44768
4.42944
4.40992
4.38508
4.45427
4.49989
4.46659
4.4412
4.43392
4.58407
4.54833
4.50939
4.48542
4.45403
4.60746
4.56478
4.53429
4.5035
4.50227
4.51837
4.49419
4.46342
4.44429
4.46449
4.48898
4.47406
4.44264
4.43129
4.53723
4.51605
4.49647
4.45708
4.46269
4.47948
4.44934
4.47299
4.45693
4.48248
4.65353
4.60597
4.56993
4.53213
4.5476
4.57491
4.53281
4.49778
4.50222
4.47385
4.4496
4.52578
4.50349
4.53178
4.54468
4.51413
4.48628
4.46467
4.63617
4.59465
4.56454
4.5405
4.5496
4.5663
4.54487
4.51923
4.49344
4.50522
4.56525
4.56163
4.52534
4.49599
4.59916
4.60602
4.59217
4.54584
4.5136
4.53277
4.51367
4.48888
4.46092
4.47744
4.50095
4.47418
4.46824
4.45553
4.47918
4.50701
4.49377
4.47292
4.45517
4.58599
4.55952
4.52699
4.51786
4.52386
4.54391
4.54188
4.56697
4.55681
4.69218
4.65386
4.62061
4.58064
4.56023
4.57437
4.55149
4.51905
4.50267
4.50506
4.53399
4.51386
4.48619
4.4668
4.47949
4.50676
4.48969
4.47472
4.46384
4.49525
4.48617
4.47084
4.46495
4.48155
4.50177
4.47888
4.47229
4.45658
4.52215
4.60213
4.57712
4.54621
4.54365
4.56565
4.60492
4.57932
4.55226
4.55786
4.57836
4.55773
4.54311
4.53035
4.65786
4.62641
4.59845
4.57605
4.57864
4.60021
4.56415
4.54499
4.52145
4.55263
4.5805
4.55273
4.53082
4.51299
4.53418
4.56894
4.59488
4.56654
4.58132
4.61123
4.58331
4.56263
4.58314
4.76838
4.72859
4.69699
4.66542
4.69566
4.7176
4.68073
4.65728
4.63384
4.64821
4.61526
4.59569
4.5746
4.59142
4.6294
4.60094
4.57927
4.56443
4.69052
4.65387
4.62119
4.59264
4.5782
4.64804
4.61856
4.60023
4.59971
4.63512
4.69146
4.65522
4.63131
4.61186
4.7523
4.72359
4.68704
4.65579
4.63094
4.65683
4.63433
4.60796
4.60244
4.64838
4.62366
4.59884
4.58215
4.59391
4.58124
4.58534
4.56854
4.55751
4.54358
4.54065
4.52977
4.75262
4.76499
4.73212
4.70577
4.68432
4.65672
4.64218
4.7471
4.72561
4.70299
4.67109
4.79544
4.7605
4.72655
4.69733
4.69536
4.70838
4.69371
4.66589
4.64284
4.86465
4.81432
4.77116
4.73831
4.76202
4.72876
4.70502
4.68692
4.74251
4.78954
4.75807
4.72782
4.70171
4.8465
4.85767
4.81472
4.78425
4.78171
4.78792
4.76153
4.72959
4.71334
4.75393
4.77849
4.74772
4.72515
4.69517
4.71986
4.69452
4.66905
4.65291
4.66358
4.68565
4.66271
4.64694
4.63341
4.77393
4.76197
4.79019
4.75743
4.77622
4.79609
4.77442
4.76597
4.74608
4.76743
4.78966
4.76903
4.74406
4.76076
4.79111
4.77116
4.74526
4.71326
4.83982
4.80926
4.79016
4.77395
4.78379
4.79816
4.77648
4.75689
4.72548
4.85058
4.82996
4.79761
4.7676
4.78379
4.82679
4.79736
4.78028
4.79168
4.80649
4.83983
4.80872
4.77841
4.7883
4.805
4.77073
4.74196
4.72097
4.85242
4.82329
4.78402
4.77002
4.76979
4.79071
4.76449
4.74393
4.71667
4.84346
4.81854
4.79148
4.7591
4.76961
4.79564
4.77093
4.79724
4.79271
4.81704
4.82092
4.8081
4.7787
4.81158
4.83517
4.80516
4.77362
4.75128
4.88541
4.85613
4.82251
4.79246
4.80544
4.81683
4.79123
4.76285
4.76729
4.79553
4.78433
4.76564
4.74918
4.79427
4.76528
4.74322
4.72567
4.75274
4.83903
4.80855
4.78727
4.77919
4.81034
4.86452
4.8424
4.81916
4.85393
4.97144
4.94783
4.90013
4.88259
4.9009
4.86685
4.84614
4.81501
4.84871
4.83093
4.80496
4.79259
4.77092
4.80521
4.78723
4.7773
4.7616
4.78601
4.80692
4.81009
4.79173
4.80414
4.84158
4.85919
4.82972
4.80668
4.92883
4.89194
4.87394
4.84892
4.88681
4.86138
4.86488
4.84759
4.82878
4.83894
4.81268
4.79737
4.77755
4.82188
4.79777
4.7833
4.77239
4.81046
4.78946
4.77255
4.75939
4.74957
4.82962
4.82207
4.80189
4.78537
4.82375
4.86423
4.85086
4.82934
4.81723
4.85057
4.83082
4.81141
4.78251
4.82165
4.80806
4.78806
4.77604
4.76144
4.80204
4.79575
4.78026
4.75994
4.88605
4.85882
4.83481
4.82325
4.83472
4.86173
4.87978
4.87143
4.88523
4.91895
4.92136
4.89511
4.87904
4.91585
4.89938
4.87713
4.85021
4.84689
4.86744
4.85212
4.83754
4.81706
4.95787
4.93947
4.91161
4.88428
4.89052
4.91202
4.88594
4.87398
4.85271
4.98491
4.94907
4.91978
4.89602
4.91985
4.98371
4.95861
4.92782
4.92123
4.95337
5.00625
4.97198
4.94343
4.96595
4.9449
4.9261
4.90232
5.03064
5.00517
4.97167
4.94232
4.95528
4.97311
4.9452
4.92263
4.90652
4.93462
4.91662
4.90337
4.88606
5.02285
4.99797
5.01509
5.00459
5.02186
5.04974
5.05861
5.02338
5.05314
5.05739
5.01665
4.9798
4.96037
5.09478
5.06534
5.06297
5.04717
5.09799
5.09155
5.06165
5.03563
5.03034
5.04366
5.00971
4.99368
4.96941
5.1009
5.06526
5.03621
5.00383
4.99735
4.97032
4.9533
4.93249
4.91648
4.9393
4.98855
4.96503
4.94956
4.95309
4.98137
4.951
4.94367
4.92781
5.05414
5.02302
4.99314
4.9675
4.9764
5.00837
4.98574
4.95942
4.94419
4.96366
4.94592
4.92298
4.90481
5.03672
5.00722
5.03559
5.01638
5.03412
5.08548
5.07221
5.05159
5.17394
5.13312
5.09259
5.06909
5.08481
5.09877
5.073
5.05127
5.02583
5.03871
5.019
5.00412
4.98924
5.1222
5.08544
5.05858
5.03482
5.04989
5.06202
5.03916
5.01199
5.06682
5.11475
5.08545
5.05322
5.05601
5.07907
5.10303
5.07305
5.04518
5.16325
5.14116
5.1208
5.08806
5.08969
5.11623
5.09265
5.0724
5.05504
5.08138
5.05609
5.0332
5.00536
5.13049
5.10609
5.08639
5.05801
5.18482
5.18357
5.1872
5.18969
5.2165
5.2046
5.17771
5.14772
5.27033
5.22866
5.18932
5.15503
5.15726
5.18533
5.16508
5.13696
5.14959
5.16522
5.13632
5.10277
5.08852
5.10951
5.08164
5.05554
5.04404
5.06209
5.07977
5.05799
5.04433
5.04465
5.08427
5.09863
5.10424
5.07555
5.10367
5.0996
5.0744
5.04837
5.17505
5.13663
5.11448
5.08724
5.11152
5.12087
5.10777
5.09263
5.10648
5.12688
5.11337
5.0876
5.06775
5.19552
5.16756
5.14394
5.12247
5.25064
5.20991
5.18003
5.1611
5.20553
5.22624
5.19862
5.16526
5.21046
5.32682
5.28852
5.2623
5.23775
5.25238
5.22214
5.18756
5.16436
5.28888
5.24597
5.20536
5.17307
5.29167
5.25208
5.2199
5.1882
5.29947
5.26253
5.22633
5.18922
5.20155
5.24311
5.25167
5.21618
5.2027
5.22024
5.21329
5.17736
5.15831
5.17885
5.15065
5.12043
5.10475
5.24021
5.21936
5.19222
5.17624
5.18382
5.20529
5.18201
5.15032
5.16257
5.18484
5.14989
5.12744
5.13694
5.15182
5.11812
5.09556
5.11998
5.25546
5.22101
5.19207
5.16108
5.30026
5.2933
5.26314
5.22996
5.34424
5.30774
5.27058
5.23791
5.2509
5.26586
5.24283
5.21273
5.22683
5.25239
5.22154
5.19878
5.20176
5.23257
5.20634
5.18675
5.16035
5.18219
5.16373
5.14895
5.1643
5.30055
5.27357
5.24262
5.23179
5.24867
5.26441
5.23672
5.20659
5.32163
5.28692
5.25633
5.24598
5.37136
5.33352
5.28544
5.24678
5.25134
5.26992
5.2412
5.21527
5.2185
5.24656
5.21766
5.19635
5.19875
5.21681
5.19867
5.17558
5.19433
5.25516
5.22456
5.20565
5.19803
5.35168
5.31108
5.28579
5.25561
5.36452
5.32541
5.29162
5.26906
5.39347
5.3673
5.34212
5.30774
5.41897
5.37228
5.33151
5.28894
5.28423
5.2966
5.26482
5.23951
5.24989
5.28474
5.3285
5.30192
5.29968
5.39858
5.40459
5.36607
5.33846
5.35511
5.38816
5.35704
5.33447
5.36185
5.32905
5.28886
5.25785
5.37452
5.34482
5.31531
5.28021
5.39872
5.35101
5.3086
5.2822
5.30285
5.30433
5.27248
5.28061
5.30681
5.43128
5.39764
5.37868
5.37429
5.49246
5.44956
5.40739
5.40411
5.41461
5.37408
5.33237
5.29843
5.41551
5.3711
5.33881
5.30993
5.34221
5.35317
5.31058
5.28282
5.294
5.3147
5.28478
5.25335
5.23677
5.25295
5.23372
5.22221
5.25777
5.27638
5.28037
5.25193
5.22361
5.36624
5.33034
5.31204
5.28588
5.32992
5.44166
5.39352
5.36122
5.35177
5.36385
5.33355
5.30318
5.28126
5.30414
5.28862
5.26479
5.26358
5.30983
5.27543
5.26588
5.25375
5.32435
5.35695
5.32221
5.30851
5.33668
5.35702
5.32747
5.29658
5.4276
5.40421
5.3719
5.34343
5.48111
5.43598
5.39726
5.36817
5.39787
5.4278
5.38351
5.35163
5.35632
5.37078
5.34611
5.31843
5.31636
5.33586
5.30905
5.28546
5.35022
5.4896
5.44486
5.40255
5.38124
5.51572
5.47044
5.42245
5.40695
5.52121
5.47556
5.43263
5.39053
5.4125
5.66956
5.61341
5.55861
5.50927
5.47913
5.43929
5.44736
5.51149
5.47876
5.43881
5.40691
5.56558
5.60553
5.58543
5.54994
5.56695
5.57364
5.52367
5.47265
5.58894
5.5443
5.49844
5.45694
5.58186
5.54366
5.5013
5.4578
5.57184
5.52184
5.48247
5.44373
5.55716
5.50824
5.46825
5.42435
5.397
5.40299
5.39128
5.42092
5.40954
5.37444
5.35514
5.49789
5.63766
5.58221
5.53148
5.48767
5.61088
5.56106
5.51347
5.47902
5.59917
5.5501
5.51
5.48021
5.60658
5.56058
5.51673
5.47235
5.61642
5.579
5.53528
5.49044
5.50671
5.55805
5.5133
5.4731
5.49104
5.51726
5.52239
5.48274
5.47518
5.484
5.4491
5.42659
5.38868
5.41156
5.38153
5.36213
5.33731
5.47595
5.44671
5.42141
5.40043
5.52557
5.50004
5.46344
5.43265
5.54924
5.52433
5.48718
5.51042
5.62943
5.58541
5.53784
5.4967
5.64701
5.66261
5.6233
5.57195
5.67872
5.62758
5.57595
5.53056
5.65498
5.60803
5.56724
5.53071
5.64301
5.59217
5.55007
5.50598
5.62182
5.57705
5.53411
5.49414
5.61693
5.64854
5.59827
5.54661
5.58891
5.58987
5.56131
5.52154
5.65258
5.60737
5.56999
5.53052
5.65393
5.60258
5.56075
5.51437
5.63305
5.59237
5.55394
5.51136
5.64698
5.59929
5.5528
5.51416
5.63617
5.58413
5.56121
5.60911
5.74974
5.77361
5.70763
5.68799
5.81889
5.76174
5.70342
5.65429
5.65432
5.60272
5.55996
5.52183
5.64058
5.60203
5.55915
5.52343
5.64877
5.59712
5.55768
5.53153
5.53932
5.50579
5.47867
5.4514
5.5868
5.60648
5.59326
5.55635
5.5891
5.60361
5.56356
5.53505
5.66026
5.61751
5.57063
5.53314
5.64825
5.6113
5.57562
5.53053
5.65557
5.6133
5.57206
5.54391
5.5499
5.52342
5.49393
5.46129
5.47651
5.45204
5.45013
5.51422
5.76316
5.71646
5.6686
5.62235
5.74978
5.72432
5.67363
5.62985
5.75846
5.71366
5.67587
5.63092
5.75821
5.69468
5.64541
5.63301
5.63086
5.58051
5.5506
5.51946
5.65667
5.62397
5.58178
5.54346
5.67478
5.62649
5.65808
5.65008
5.67388
5.67124
5.62369
5.57658
5.70623
5.65708
5.60639
5.56307
5.68795
5.65004
5.61715
5.57617
5.70013
5.65051
5.6034
5.57593
5.69614
5.64532
5.60615
5.56981
5.69752
5.65427
5.61616
5.63288
5.63291
5.5894
5.57113
5.5406
5.58531
5.63962
5.59892
5.56018
5.70499
5.65858
5.62786
5.58714
5.71518
5.66095
5.62429
5.58864
5.59562
5.56577
5.52772
5.53257
5.55555
5.52511
5.50176
5.47804
5.49466
5.48878
5.54353
5.50627
5.57191
5.62143
5.58931
5.57516
5.58487
5.55952
5.53728
5.54491
5.55771
5.53095
5.51255
5.48436
5.64146
5.61311
5.57447
5.54091
5.6756
5.63963
5.59816
5.57065
5.69676
5.65547
5.61628
5.59697
5.71909
5.7076
5.66044
5.65985
5.71029
5.71218
5.666
5.63721
5.64758
5.60939
5.57294
5.55673
5.69208
5.65405
5.61437
5.58442
5.59488
5.56828
5.53594
5.52186
5.66108
5.62876
5.6004
5.60055
5.63034
5.66122
5.67325
5.69493
5.72987
5.73193
5.69653
5.73697
5.6978
5.66051
5.63097
5.67977
5.65374
5.61409
5.5825
5.62026
5.63619
5.60601
5.58023
5.62441
5.60879
5.57985
5.5605
5.69299
5.66272
5.62564
5.60951
5.58752
5.60323
5.58092
5.5703
5.63901
5.77364
5.73942
5.70184
5.84229
5.79074
5.75271
5.7313
5.73983
5.71737
5.67832
5.64556
5.66471
5.63048
5.59286
5.59042
5.62332
5.59836
5.57392
5.55779
5.5746
5.59652
5.58819
5.58479
5.75198
5.72077
5.68392
5.71495
5.72739
5.68432
5.6566
5.66423
5.69171
5.66378
5.63644
5.65019
5.66293
5.62914
5.60912
5.63947
5.67262
5.65073
5.62495
5.65881
5.6803
5.64374
5.62751
5.62263
5.62791
5.59801
5.57612
5.55987
5.73666
5.69728
5.66449
5.65106
5.79003
5.7515
5.71339
5.70668
5.72011
5.68216
5.65215
5.68747
5.70964
5.6658
5.64506
5.64184
5.66789
5.64587
5.61315
5.63469
5.65284
5.6622
5.66012
5.69072
5.95033
5.90063
5.8508
5.86399
6.05569
5.99038
5.93201
5.94879
5.90572
5.86069
5.81578
5.85841
5.81386
5.77956
5.75023
5.79473
5.77153
5.73415
5.70246
5.84683
5.80075
5.77158
5.77094
5.83221
5.82488
5.78962
5.75034
5.96065
5.90894
5.86015
5.81847
5.82727
5.79311
5.77024
5.77205
5.79193
5.76139
5.73268
5.74964
5.75509
5.72862
5.71161
5.72991
5.76154
5.73145
5.70638
5.7481
5.77643
5.83053
5.7928
5.83161
5.83751
5.80134
5.76983
5.78016
5.74958
5.71102
5.69047
5.82259
5.78906
5.7541
5.7322
5.75202
5.72561
5.69946
5.70664
5.72439
5.70143
5.66977
5.71701
5.73657
5.714
5.72977
5.79024
5.84993
5.81273
5.77705
5.93994
5.96864
5.93319
5.89315
6.00611
5.956
5.91643
5.90373
5.89849
5.85606
5.82742
5.83551
5.83746
5.80442
5.77874
5.80423
5.81875
5.79598
5.77119
5.81072
5.84856
5.82178
5.78849
5.82359
5.95915
5.92179
5.87778
5.9184
5.87619
5.8342
5.80894
5.93686
5.88612
5.84206
5.81204
5.82517
5.79357
5.76087
5.78589
5.81177
5.77999
5.75047
5.77835
5.79307
5.76791
5.75631
5.8038
5.93643
5.90296
5.86285
5.90142
5.96298
5.91801
5.87099
5.99609
5.94777
5.89919
5.85773
5.99055
5.94196
5.90015
5.85181
5.99
5.93887
5.89508
5.86448
5.87738
5.83769
5.79808
5.81265
5.8243
5.89109
5.85514
5.89856
6.14036
6.0915
6.04041
6.18163
6.11574
6.05801
6.00762
6.00754
5.96572
5.92723
5.92311
5.92759
5.89487
5.86739
5.86356
5.88959
5.85642
5.83059
5.8605
5.87264
5.85044
5.83277
6.00833
5.95985
5.915
5.87922
5.98349
5.94281
5.90579
5.91123
5.91672
5.88436
5.85488
5.87273
5.88721
5.85921
5.82843
5.87404
5.89469
5.86207
5.83741
5.96554
5.93095
5.8898
5.86516
5.87455
5.87234
5.889
5.91163
5.96402
5.97443
5.93727
5.98502
5.95374
5.91808
5.88635
5.90966
5.92307
5.89042
5.85815
5.99126
5.9564
5.92294
5.89822
5.91726
5.89127
5.86415
5.8676
5.88624
5.85853
5.84755
5.83951
5.82962
5.81539
5.79746
5.81597
5.87563
5.94828
5.92243
5.96841
6.04053
5.99762
5.96131
6.11901
6.07399
6.02571
6.01809
6.02556
5.98912
5.9629
5.9693
5.98247
5.96536
5.92711
5.97092
5.9708
5.94572
5.96234
6.21173
6.15865
6.11012
6.11546
6.25242
6.20335
6.15339
6.14829
6.15565
6.10397
6.06266
6.09122
6.0625
6.02171
5.99461
6.12539
6.08615
6.04032
6.01421
6.02576
5.98502
5.9549
6.00089
6.12196
6.07192
6.03145
6.08705
6.27688
6.21751
6.16331
6.2822
6.22217
6.17264
6.12719
6.12293
6.08031
6.04121
6.03937
6.05948
6.02544
5.989
6.00076
6.02594
5.99466
5.96351
6.0156
6.04582
6.04673
6.01365
6.15186
6.11421
6.07664
6.07355
6.08899
6.06664
6.04345
6.05086
6.07089
6.03701
6.01085
6.14827
6.11487
6.07614
6.07751
6.10116
6.05649
6.02408
6.08118
6.05288
6.02697
6.01512
6.1429
6.11564
6.07916
6.04202
6.05892
6.11289
6.07352
6.12038
6.09265
6.0583
6.03025
6.15618
6.14066
6.0994
6.06272
6.08781
6.05831
6.02173
6.03662
6.05762
6.02349
6.00096
6.04269
6.06847
6.06026
6.06882
6.19695
6.15192
6.10664
6.11304
6.13998
6.10464
6.08336
6.12258
6.11583
6.08838
6.0651
6.18973
6.15326
6.12325
6.15236
6.17065
6.13235
6.10075
6.23639
6.19909
6.15674
6.15794
6.21859
6.24916
6.20793
6.23226
6.27651
6.24085
6.20788
6.22976
6.18436
6.14811
6.15088
6.17702
6.14112
6.1136
6.12105
6.15864
6.12901
6.10981
6.26729
6.24576
6.20502
6.16597
6.20076
6.16627
6.15835
6.18435
6.25899
6.21799
6.18268
6.25838
6.37583
6.33872
6.29968
6.30298
6.26417
6.22523
6.2348
6.25305
6.22344
6.19854
6.34104
6.31367
6.26828
6.22711
6.35585
6.3095
6.26914
6.27693
6.36495
6.3166
6.30184
6.34504
6.38668
6.34337
6.35703
6.37193
6.33244
6.2913
6.32439
6.3358
6.29043
6.25178
6.39259
6.35093
6.30456
6.27401
6.28333
6.24253
6.2079
6.36247
6.32199
6.28904
6.35339
6.47734
6.42434
6.37377
6.38518
6.64309
6.57373
6.51847
6.56544
6.60934
6.54033
6.48267
6.48779
6.43068
6.38396
6.41136
6.40881
6.36727
6.32529
6.46056
6.41949
6.37451
6.33612
6.38417
6.35115
6.32064
6.37116
6.63123
6.58038
6.52748
6.6554
6.59054
6.53226
6.51177
6.51603
6.46428
6.42141
6.44418
6.4042
6.36498
6.3264
6.34514
6.32206
6.28623
6.31073
6.33256
6.31116
6.32434
6.47977
6.42823
6.39311
6.37557
6.41392
6.38899
6.35362
6.39844
6.3724
6.33689
6.30627
6.43309
6.39081
6.35094
6.3704
6.39404
6.35336
6.32116
6.45008
6.41534
6.37645
6.38072
6.41685
6.42438
6.38903
6.52038
6.47703
6.43676
6.4363
6.45792
6.41997
6.38967
6.4368
6.40026
6.37312
6.34845
6.48713
6.45507
6.41536
6.42362
6.43818
6.4139
6.37767
6.50168
6.45875
6.43086
6.58392
6.60228
6.54826
6.58424
6.69075
6.63545
6.58043
6.6875
6.63932
6.58794
6.5755
6.57994
6.5347
6.50071
6.63585
6.58461
6.53194
6.49645
6.50347
6.46484
6.44013
6.48593
6.56339
6.5206
6.49097
6.55468
6.57058
6.5394
6.56956
6.65647
6.60349
6.56296
6.56902
6.51995
6.484
6.52146
6.49743
6.46309
6.43082
6.56134
6.532
6.49524
6.53568
6.5494
6.51971
6.55792
6.81186
6.78154
6.7259
6.73249
6.78104
6.74472
6.71196
6.87963
6.81457
6.75345
6.76024
6.7105
6.66601
6.62022
6.63286
6.59475
6.56134
6.59236
6.56326
6.52282
6.49294
6.54509
6.6213
6.5834
6.62839
6.67505
6.635
6.64201
6.66144
6.61854
6.5832
6.62325
6.61383
6.57714
6.54601
6.57667
6.55101
6.52259
6.55397
6.53366
6.51035
6.48027
6.61267
6.58208
6.58573
6.63442
6.65156
6.62089
6.62338
6.6794
6.64919
6.61201
6.67165
6.80854
6.7664
6.7828
6.79507
6.74265
6.69555
6.81637
6.7661
6.72237
6.75175
6.70702
6.68672
6.65625
6.74169
6.7858
6.73989
6.785
6.74738
6.70653
6.70137
6.71365
6.67725
6.64589
6.78166
6.73694
6.70658
6.73203
6.74161
6.70015
6.6705
6.80312
6.74847
6.71354
6.71346
6.72114
6.68288
6.71502
6.84228
6.82297
6.77502
6.81882
6.94467
6.88055
6.86789
6.97909
6.92928
6.88904
7.00195
6.93976
6.88169
6.89353
6.89414
6.84596
6.8051
6.80844
6.77346
6.75219
6.89019
6.93495
6.88213
6.89168
7.06467
7.0291
7.00151
6.99643
6.94109
6.8884
7.03678
6.98333
6.92643
6.91589
6.9199
6.88298
6.83714
6.99445
6.94812
6.91464
6.92462
6.93406
6.89152
6.9227
7.17026
7.1087
7.04746
7.20793
7.14081
7.07643
7.08414
7.21031
7.14114
7.09365
7.08326
7.03153
7.01449
7.15467
7.10678
7.05288
7.05099
7.04627
7.06541
7.04454
7.1046
7.091
7.15088
7.23996
7.20657
7.22954
7.25478
7.18843
7.15629
7.1378
7.0898
7.158
7.27854
7.21616
7.17136
7.17298
7.11514
7.0727
7.04588
7.0439
7.00204
7.02475
7.26619
7.19147
7.14655
7.17368
7.39082
7.31058
7.23324
7.21765
7.16599
7.10916
7.21165
7.15075
7.09164
7.1091
7.10355
7.04437
6.99355
7.12471
7.07018
7.022
7.0533
7.09395
7.06611
7.12755
7.34811
7.28688
7.29279
7.27114
7.206
7.14365
7.25297
7.20001
7.13972
7.28427
7.23627
7.17845
7.16084
7.15732
7.10942
7.06143
7.18036
7.14341
7.15592
7.33387
7.27694
7.22127
7.26578
7.36905
7.29786
7.26522
7.25632
7.20079
7.15514
7.26899
7.21753
7.16998
7.20797
7.15053
7.1127
7.13725
7.14279
7.10455
7.0727
7.12831
7.10292
7.05864
7.13563
7.22746
7.18205
7.19723
7.19596
7.155
7.11841
7.25256
7.20591
7.14967
7.28777
7.23526
7.18819
7.19574
7.20652
7.16381
7.13266
7.13702
7.09453
7.1482
7.32257
7.32403
7.2736
7.44243
7.38202
7.31394
7.34178
7.55459
7.47525
7.47954
7.44798
7.38455
7.34549
7.33593
7.28238
7.22782
7.34452
7.28559
7.22916
7.2538
7.21559
7.1868
7.18267
7.27225
7.2262
7.19375
7.32407
7.26497
7.22305
7.36678
7.31986
7.26112
7.25283
7.2542
7.23126
7.18555
7.19395
7.16843
7.13684
7.29888
7.24779
7.20984
7.24683
7.3199
7.26907
7.28231
7.43538
7.37753
7.3191
7.32914
7.28229
7.23521
7.26745
7.22274
7.19392
7.21754
7.22348
7.1993
7.19451
7.21561
7.18177
7.15943
7.28767
7.24835
7.3541
7.50236
7.4372
7.38099
7.41731
7.57172
7.5633
7.59768
7.74251
7.6738
7.66742
7.71269
7.62811
7.56442
7.55817
7.49109
7.42885
7.53392
7.46884
7.41827
7.64028
7.57896
7.51602
7.57594
7.67623
7.59653
7.60525
7.66679
7.58722
7.56126
7.54045
7.47877
7.42712
7.44573
7.39239
7.34129
7.4493
7.39964
7.35538
7.46693
7.41676
7.50227
7.54272
7.7601
7.67265
7.67148
7.7639
7.68813
7.66586
7.64907
7.58538
7.52291
7.51604
7.46762
7.41804
7.53686
7.48188
7.43227
7.55576
7.50232
7.45127
7.6019
7.66112
7.5904
7.61746
7.87191
7.8058
7.796
7.73166
7.6548
7.64048
7.63115
7.56821
7.51754
7.62866
7.56396
7.50373
7.73402
7.66665
7.60757
7.73687
7.67267
7.65947
7.65255
7.71018
7.64598
7.62368
7.73376
7.66387
7.60874
7.71572
7.6509
7.58679
7.70667
7.64667
7.58549
7.72331
7.65816
7.60669
7.57983
7.57674
7.52747
7.50872
7.64863
7.59078
7.59202
7.63113
7.61859
7.57308
7.69892
7.63073
7.58419
7.7154
7.66087
7.5945
7.73592
7.67662
7.6148
7.59715
7.59083
7.53831
7.49254
7.62153
7.57095
7.62979
7.79927
7.72774
7.65804
7.75539
7.68538
7.62773
7.86131
7.78934
7.72457
7.84504
7.77447
7.70899
7.71431
7.65519
7.59869
7.58202
7.58444
7.5342
7.49798
7.59597
7.56753
7.52454
7.58349
7.64282
7.58828
7.71089
7.65272
7.59454
7.72329
7.66794
7.61836
7.76766
7.71009
7.65672
7.66972
7.61874
7.58396
7.57882
7.57644
7.5526
7.65388
7.90195
7.82814
7.78076
8.03468
7.95953
7.87899
7.84919
7.78272
7.72356
7.83931
7.76996
7.70444
7.82084
7.75632
7.69483
7.91266
7.84996
7.79279
7.93677
7.87069
7.79549
7.9451
7.87088
7.8115
7.93536
7.87051
7.79844
7.93752
7.86627
7.80277
7.93146
7.86761
7.79688
7.77423
7.75355
7.70094
7.6513
7.64969
7.60541
7.68189
7.94692
7.876
7.82657
7.89116
7.82785
7.77022
7.75592
7.70405
7.6534
7.90958
7.85014
7.77815
7.89469
7.83472
7.77465
7.89288
7.82506
7.76202
7.90043
7.97942
7.90585
7.92045
8.16879
8.08592
8.10124
8.13202
8.03819
8.02818
7.95694
7.88193
7.88393
7.87128
7.81247
7.79426
7.77874
7.73711
7.69351
7.69249
7.65215
7.74047
7.88661
7.83022
7.82953
7.96143
7.8936
7.86545
7.9507
7.89537
7.83287
7.94467
7.89022
7.83481
7.91492
7.85422
7.80205
7.89941
7.84235
7.79315
7.88624
7.98829
7.94538
7.97332
7.91464
7.86906
7.87493
7.81595
7.76959
7.91013
7.87437
7.82381
7.98
7.92321
7.86714
8.00387
7.94227
7.8876
8.01769
7.95439
7.89357
7.90869
8.02836
7.97079
8.00709
8.1082
8.03672
8.03709
7.97169
7.90834
7.89293
7.89366
7.83327
7.78497
7.786
7.74308
7.74681
7.74826
7.71502
7.67824
7.68553
7.66404
7.72851
7.83712
7.78741
7.76409
7.85008
7.81687
7.77324
8.05224
7.97773
7.92537
7.91617
7.88231
7.84426
7.92553
7.87394
7.82966
7.9313
7.87879
7.83469
7.95475
7.91467
7.89284
8.035
7.97485
7.91485
8.01602
7.95529
7.9083
8.03743
7.97957
7.92299
8.02809
7.96656
7.91344
8.00082
7.94834
7.90136
7.99946
7.93992
8.00219
8.16047
8.09348
8.03224
8.18379
8.10793
8.03702
8.11313
8.04913
7.99309
8.07754
8.01444
7.96871
8.05485
8.00733
7.95587
8.04617
7.99706
7.95185
8.02498
7.97308
7.95288
8.11524
8.05002
8.00674
8.1388
8.06814
8.01069
8.10808
8.0518
8.00346
8.10112
8.03568
7.9862
8.08507
8.03657
7.98288
8.07559
8.037
8.09162
8.13256
8.08226
8.05612
8.19691
8.12581
8.07122
8.0697
8.01187
7.96988
8.09224
8.03426
7.98778
7.98718
7.9364
7.89683
8.01062
7.95621
7.91664
8.08817
8.03801
8.06807
8.33147
8.26009
8.19561
8.17688
8.10541
8.06144
8.15214
8.09513
8.05429
8.16361
8.10077
8.04799
8.14513
8.08662
8.03081
8.03232
7.99855
8.07543
8.21611
8.15131
8.09039
8.22703
8.16455
8.12285
8.38413
8.32038
8.25584
8.33158
8.27202
8.21569
8.19954
8.14224
8.09028
8.19375
8.1293
8.07077
8.2364
8.19262
8.13356
8.27549
8.20822
8.16077
8.15705
8.10065
8.04774
8.16596
8.11117
8.06294
8.06274
8.01622
7.99264
8.01209
7.97683
7.94079
7.97019
7.95197
8.02791
8.1687
8.11267
8.10564
8.21873
8.16056
8.10926
8.36002
8.30084
8.28249
8.26944
8.20845
8.16179
8.16846
8.11708
8.0828
8.09581
8.06165
8.02012
8.08728
8.0486
8.01809
8.09348
8.11155
8.06991
8.08017
8.05034
8.0169
8.03638
8.00131
7.97696
7.99938
7.96869
7.94402
7.9776
7.95462
7.92881
7.9603
7.94395
8.0117
8.17555
8.12906
8.10387
8.37237
8.31399
8.30568
8.40165
8.33675
8.32223
8.29921
8.23878
8.22017
8.24337
8.19215
8.1969
8.19489
8.15405
8.17417
8.2793
8.22375
8.27291
8.52747
8.45235
8.66668
8.58217
8.49237
8.55695
8.47062
8.40139
8.37
8.30698
8.24657
8.48787
8.4154
8.37075
8.35505
8.30516
8.36245
8.62378
8.54323
8.49198
8.54574
8.47804
8.4649
8.54082
8.458
8.42572
8.40792
8.34772
8.35956
8.36889
8.31208
8.31974
8.30326
8.24564
8.27817
8.34584
8.29419
8.33931
8.56097
8.4888
8.55997
8.4773
8.39833
8.65131
8.57474
8.50457
8.59416
8.51871
8.4545
8.44617
8.38078
8.32758
8.42859
8.37237
8.42228
8.64091
8.56776
8.53715
8.74949
8.67066
8.64546
8.73116
8.6455
8.6438
8.57541
8.50596
8.64541
8.57337
8.49878
8.62941
8.54677
8.47518
8.61179
8.66853
8.58517
8.72812
8.74045
8.69445
8.78255
8.6895
8.64016
8.7342
8.64125
8.63725
8.57001
8.50453
8.64244
8.56971
8.49856
8.50793
8.46844
8.51464
8.72854
8.67668
8.59332
8.72991
8.64395
8.57604
8.6715
8.59524
8.53751
8.62937
8.5481
8.48177
8.4558
8.39935
8.3597
8.34989
8.30022
8.26646
8.36306
8.42683
8.4056
8.61743
8.55942
8.54765
8.54232
8.47736
8.49811
8.4331
8.38543
8.54181
8.49142
8.43182
8.55222
8.49192
8.44431
8.53704
8.49123
8.53913
8.69755
8.6214
8.61924
8.71152
8.62868
8.62245
8.57109
8.51373
8.65298
8.5821
8.519
8.66077
8.60038
8.54232
8.66662
8.59006
8.53246
8.65319
8.59765
8.5534
8.8044
8.72563
8.68999
8.65837
8.59875
8.56892
8.55478
8.49925
8.51615
8.47206
8.42136
8.44514
8.40384
8.35954
8.509
8.46318
8.51026
8.62733
8.59255
8.57047
8.66635
8.59812
8.55494
8.54836
8.48896
8.4979
8.52264
8.47811
8.52564
8.48192
8.43245
8.44468
8.40654
8.36031
8.39406
8.47137
8.43063
8.49894
8.74928
8.67942
8.76072
8.68782
8.6191
8.67387
8.61811
8.58344
8.56745
8.50604
8.48118
8.47421
8.42633
8.41307
8.42108
8.39203
8.48487
8.50314
8.46199
8.47366
8.5628
8.52655
8.57078
8.56301
8.51055
8.4576
8.4296
8.40238
8.41515
8.37234
8.36578
8.38136
8.34927
8.35903
8.52242
8.47634
8.51108
8.66554
8.60851
8.73527
8.67309
8.6129
8.77971
8.70769
8.65634
8.74991
8.68122
8.62238
8.60927
8.55301
8.56081
8.56618
8.53353
8.58058
8.66476
8.61236
8.63376
8.73069
8.67313
8.79637
8.7381
8.67044
8.76529
8.6964
8.6453
8.65527
8.6007
8.591
8.59821
8.5538
8.57077
8.66593
8.60857
8.63747
8.8516
8.79056
8.92496
8.84367
8.7869
8.89023
8.81574
8.75225
8.73266
8.6718
8.65614
8.65925
8.60638
8.5988
8.60006
8.58067
8.61983
8.67595
8.6595
8.80041
8.73026
8.67699
8.74271
8.69468
8.6438
8.75626
8.70267
8.65478
8.65127
8.6121
8.62059
8.61951
8.59308
8.62054
8.70139
8.65425
8.72053
8.93679
8.91146
8.88429
8.80731
8.77015
8.74797
8.69187
8.67445
8.67357
8.62617
8.64815
8.60339
8.56904
8.58898
8.56291
8.60953
8.78494
8.71507
8.67198
8.82871
8.77524
8.76441
8.76295
8.71002
8.73481
8.68482
8.63476
8.66169
8.6096
8.57152
8.70085
8.64607
8.59675
8.79059
8.7263
8.72542
8.93161
8.86431
8.86046
8.80785
8.74903
8.77464
8.72961
8.6832
8.82721
8.7661
8.71545
8.8337
8.78811
8.73761
8.72205
8.6691
8.71134
8.8917
8.82925
8.87335
8.96322
8.89916
9.11793
9.03542
8.96111
8.93439
8.85909
8.83704
8.82402
8.7684
8.75214
8.74774
8.70117
8.72509
8.68934
8.69098
8.84363
8.88148
8.82277
9.07057
8.99623
8.93534
8.91095
8.85445
8.83911
8.83154
8.77357
8.79254
8.75693
8.71127
8.84634
8.80183
8.74535
8.86478
8.82759
8.80512
8.86996
8.81036
8.82385
8.92737
8.86094
8.87748
8.82475
8.77519
8.91716
8.85686
8.797
8.81086
8.75816
8.74982
8.74094
8.71451
8.77124
8.86754
8.80371
8.86481
8.97835
8.9108
9.00194
8.93211
8.90609
8.88432
8.82666
8.81794
8.82977
8.77458
8.78473
8.74102
8.69574
8.84464
8.91527
8.90103
9.10804
9.02976
9.01997
8.96559
8.90265
8.90255
8.84476
8.79034
8.92463
8.87138
8.81844
8.92804
8.86734
8.81306
8.81765
8.7809
8.84917
9.0039
8.93562
9.03698
8.9695
8.90244
8.99262
8.92881
8.91022
8.89992
8.84367
8.8381
8.8466
8.79885
9.03468
8.97006
8.90572
9.09987
9.08465
9.04026
9.12737
9.04984
9.04398
8.97414
8.92707
9.1793
9.09709
9.02169
9.0931
9.02216
8.98256
8.92133
9.15375
9.07915
9.01275
8.99783
9.24141
9.15982
9.11708
9.15124
9.22203
9.20832
9.16789
9.09733
9.20624
9.13072
9.05508
9.14974
9.0716
9.03693
9.0087
8.95628
8.95623
9.08563
9.01052
9.08043
9.22788
9.18225
9.1596
9.08497
9.05003
9.04033
8.97736
8.95963
8.94554
8.88858
9.02209
8.97303
8.9197
9.03031
8.96696
8.94477
9.0194
8.96226
8.97977
9.23359
9.14849
9.25764
9.18085
9.11123
9.19622
9.1173
9.04369
9.03348
8.96673
8.96626
8.91464
8.8645
9.00389
8.95098
9.00615
9.17987
9.09234
9.05469
9.14804
9.08182
9.07144
9.029
8.96433
9.09042
9.02539
8.9653
9.0643
8.99612
8.97203
8.97205
8.91105
8.93642
9.06756
9.00482
9.02481
9.27943
9.20599
9.18262
9.10533
9.0658
9.04273
8.98252
8.95979
8.97941
8.9292
8.95091
8.90117
8.86033
9.09137
9.03768
9.12534
9.30255
9.22053
9.21598
9.41402
9.31906
9.41423
9.31778
9.23936
9.31833
9.24306
9.19837
9.17692
9.11419
9.09823
9.0359
8.97867
9.21893
9.17538
9.13613
9.39151
9.31599
9.30578
9.22471
9.1438
9.36381
9.28477
9.20585
9.29049
9.21136
9.17537
9.14585
9.08442
9.08773
9.04732
9.05395
9.24001
9.16285
9.1397
9.12354
9.05736
9.05333
9.0295
8.97627
9.09887
9.04737
8.99829
9.1284
9.06576
9.01032
9.01198
8.95681
8.96928
9.06543
9.07213
9.27063
9.2282
9.25097
9.32857
9.25284
9.35173
9.26709
9.1909
9.4238
9.3422
9.2625
9.34888
9.27067
9.2265
9.19811
9.17897
9.33687
9.28446
9.22108
9.35
9.34842
9.32271
9.27564
9.20046
9.18929
9.28383
9.20486
9.43342
9.34576
9.26773
9.23698
9.17748
9.16646
9.29007
9.21132
9.23844
9.33257
9.25733
9.31628
9.24419
9.21073
9.17791
9.11814
9.11782
9.07167
9.01805
9.17407
9.1138
9.05512
9.15707
9.1005
9.1969
9.21278
9.14
9.18302
9.25984
9.19547
9.44703
9.3678
9.32398
9.28923
9.21366
9.21915
9.16211
9.11547
9.33974
9.26956
9.19765
9.21194
9.15541
9.17469
9.2648
9.20315
9.33679
9.2659
9.19981
9.42322
9.34142
9.31812
9.29108
9.22034
9.32271
9.25606
9.19433
9.29441
9.22753
9.29642
9.46286
9.37626
9.39444
9.59491
9.49783
9.569
9.48408
9.42994
9.387
9.31723
9.31223
9.2577
9.19843
9.42738
9.34746
9.28046
9.35534
9.29352
9.27561
9.41155
9.33976
9.54856
9.46087
9.37797
9.34314
9.27637
9.25576
9.22379
9.17607
9.32457
9.26088
9.19452
9.29231
9.24187
9.32209
9.56011
9.47388
9.4871
9.48534
9.40093
9.36196
9.28762
9.27956
9.26169
9.21302
9.35005
9.29159
9.22555
9.31113
9.25538
9.23866
9.35538
9.28017
9.44619
9.48736
9.43729
9.39407
9.32704
9.31922
9.29313
9.23281
9.37039
9.30349
9.23431
9.32724
9.26267
9.23606
9.23741
9.20268
9.34517
9.38368
9.31817
9.39963
9.33314
9.31297
9.30321
9.23825
9.26127
9.21318
9.16478
9.27519
9.21595
9.18864
9.16886
9.11879
9.39884
9.4338
9.34853
9.56912
9.48196
9.42897
9.39047
9.3213
9.44266
9.37821
9.3172
9.40313
9.3391
9.32966
9.31089
9.24967
9.38591
9.32243
9.371
9.35815
9.56983
9.58612
9.49726
9.4134
9.64638
9.56442
9.51202
9.5916
9.50221
9.49673
9.42628
9.35359
9.5873
9.50593
9.45812
9.50198
9.41811
9.44358
9.64079
9.56318
9.63516
9.53902
9.49078
9.45894
9.38716
9.3822
9.32663
9.26779
9.49977
9.43695
9.39766
9.38816
9.35907
9.36913
9.44012
9.36764
9.42174
9.43277
9.39624
9.37267
9.31045
9.31115
9.26656
9.21399
9.45934
9.39561
9.37097
9.35332
9.29579
9.45089
9.5117
9.46471
9.7239
9.62519
9.61581
9.53815
9.465
9.6695
9.58855
9.51751
9.49774
9.41966
9.39991
9.38213
9.32044
9.46401
9.4102
9.49502
9.58181
9.50066
9.49381
9.6997
9.61324
9.69533
9.60053
9.55523
9.54958
9.47056
9.47096
9.41535
9.36872
9.57955
9.51191
9.46707
9.49157
9.45683
9.48651
9.5672
9.49174
9.73552
9.64179
9.59469
9.56035
9.47633
9.47604
9.40467
9.34267
9.56059
9.49865
9.45902
9.42359
9.38804
9.39412
9.4382
9.37961
9.56269
9.48845
9.49378
9.45658
9.39156
9.40397
9.39792
9.34675
9.34855
9.29551
9.31639
9.31718
9.26022
9.54026
9.51438
9.53344
9.77121
9.68369
9.66702
9.59058
9.50529
9.72291
9.6343
9.57941
9.54696
9.47168
9.48204
9.46813
9.41039
9.6374
9.56709
9.62903
9.5874
9.51033
9.53678
9.62758
9.55115
9.64235
9.56552
9.52938
9.50508
9.43459
9.55471
9.57232
9.49617
9.46365
9.39378
9.40112
9.49228
9.42738
9.57243
9.61431
9.57556
9.55309
9.47543
9.60719
9.54022
9.46743
9.67966
9.61304
9.57075
9.54308
9.47394
9.60314
9.53271
9.52735
9.65179
9.5816
9.5453
9.67779
9.60444
9.63333
9.71653
9.64147
9.61305
9.54918
9.5386
9.51962
9.46766
9.59996
9.53179
9.46826
9.63072
9.58372
9.63534
9.71304
9.64211
9.72777
9.64698
9.61801
9.60049
9.5346
9.66783
9.60094
9.53252
9.62426
9.54596
9.5165
9.51154
9.51603
9.64476
9.61251
9.55839
9.82912
9.73432
9.71342
9.66825
9.58501
9.80652
9.72251
9.64513
9.6328
9.56607
9.57681
9.56144
9.50026
9.78477
9.72883
9.67263
9.9483
9.85158
9.93383
9.84395
9.75965
9.82796
9.7385
9.68626
9.66831
9.59309
9.73712
9.65748
9.60139
9.59058
9.54997
9.57194
9.6111
9.54425
9.60717
9.62723
9.59204
9.56861
9.51285
9.7576
9.68603
9.61251
9.60731
9.54666
9.51851
9.50392
9.45301
9.73121
9.66374
9.61032
9.8944
9.80032
9.79296
10.0156
9.92095
9.82961
9.74129
9.86632
9.7754
9.69977
9.70478
9.62897
9.57261
9.51614
9.72723
9.7721
9.83736
9.7607
9.98101
9.88116
9.87691
9.78338
9.86574
9.8415
9.75601
9.75457
9.68134
9.61646
9.90394
9.81958
9.77108
9.81573
9.73874
9.75591
10.0056
9.93275
9.88439
9.79051
9.7732
9.69871
9.62687
9.84761
9.77441
9.76547
9.6839
9.61583
9.82302
9.75132
9.81934
9.9028
9.82347
9.83051
9.90541
9.81845
9.90238
9.80692
9.77179
9.74752
9.67753
9.87059
9.79591
9.72264
9.71362
9.64514
9.65261
9.73667
9.69942
9.87301
9.8355
9.85842
10.0906
9.98664
10.0654
9.96263
9.92433
9.8834
9.79564
9.90377
9.81378
9.75113
9.73031
9.6759
9.77655
9.85995
9.80254
10.032
10.0591
10.1591
10.0461
9.96149
10.1671
10.0542
10.0181
9.94383
9.85958
10.0658
9.9684
9.88186
9.98407
9.89599
9.9265
10.1746
10.0685
10.0164
9.92077
9.90149
9.83376
9.75947
10.0467
9.95144
9.86331
9.8426
9.7781
9.88634
9.8232
9.88987
10.0386
9.94652
9.93416
9.84938
9.78993
9.89131
9.81211
9.80595
9.75228
9.69456
9.68969
9.63315
9.77227
9.72217
9.65947
9.83942
9.77809
9.78199
10.0163
9.92233
9.99281
9.91093
9.87072
9.83416
9.77291
9.99893
9.91627
9.86819
9.84578
9.77127
9.7763
9.71945
9.78284
9.95776
9.87469
9.89821
10.1056
10.0132
10.0736
9.98822
9.94414
10.0241
9.93418
9.85391
9.89884
10.0388
9.95138
9.87857
10.201
10.1344
10.1112
10.1705
10.0759
10.2293
10.1182
10.062
10.0258
9.93193
10.1962
10.0997
10.0398
10.0002
9.92918
10.1658
10.0938
10.1651
10.4168
10.2965
10.5089
10.3863
10.3022
10.2333
10.1308
10.2318
10.1343
10.0458
10.008
9.92432
9.88553
9.85661
9.80448
10.1077
10.0368
10.0061
10.2175
10.1225
10.3849
10.2611
10.2205
10.1685
10.0667
10.2902
10.1847
10.0876
10.0502
9.96868
10.0734
10.01
10.0676
10.2097
10.1104
10.1381
10.0974
10.0168
9.98847
9.91098
9.90852
9.88637
9.82264
9.91418
9.84313
9.97762
9.91375
9.83849
10.0074
9.92642
9.94265
10.0308
9.94819
10.0367
9.95515
9.93768
9.91118
9.83339
10.0645
9.99685
9.96011
9.94522
9.877
10.0055
9.93893
9.99599
10.0074
9.92862
9.97064
10.0576
9.97184
10.0519
9.975
9.97447
9.90611
9.83696
10.1124
10.0341
9.99695
9.9826
9.90594
10.0661
10.0927
10.1195
10.1945
10.0991
10.3563
10.2479
10.1777
10.1387
10.0526
10.2623
10.1654
10.0744
10.151
10.0524
10.1599
10.1058
10.0576
10.3163
10.2288
10.2491
10.2632
10.1996
10.1658
10.0765
10.1928
10.1034
10.0268
10.0964
10.0219
10.1475
10.0604
9.97518
10.1486
10.0662
10.0875
10.3561
10.256
10.341
10.2344
10.2091
10.1184
10.0424
10.3039
10.1965
10.1668
10.1358
10.0555
10.281
10.2356
10.1908
10.164
10.092
10.1373
10.3343
10.2415
10.1926
10.1031
10.2154
10.1281
10.0463
10.1395
10.0549
10.0454
9.97863
9.9159
10.1429
10.0593
10.0925
10.1851
10.1484
10.1086
10.0206
10.1429
10.0638
9.98195
10.0712
9.99123
10.1109
10.0344
9.96715
10.0555
10.0934
10.2127
10.2349
10.1566
10.2202
10.1364
10.2658
10.1918
10.1034
10.0644
9.99412
9.99413
9.94089
9.87964
9.98285
9.91823
9.93487
10.0424
9.98522
10.1532
10.0877
10.2067
10.1224
10.0515
10.1324
10.0569
10.0404
9.97359
9.92036
10.0252
9.95404
9.95909
9.91004
9.98213
10.2393
10.1462
10.1666
10.236
10.1445
10.2179
10.1338
10.1218
10.0482
9.98099
10.2634
10.1808
10.1594
10.1297
10.0598
10.3306
10.2392
10.2879
10.3633
10.2664
10.3355
10.236
10.2186
10.1329
10.0576
10.1372
10.0672
10.0559
10.0402
9.97925
10.2693
10.2764
10.2713
10.38
10.2811
10.4325
10.3301
10.4347
10.3415
10.2809
10.2537
10.1753
10.2864
10.2094
10.132
10.2055
10.1211
10.2689
10.3375
10.294
10.4529
10.3481
10.4434
10.3396
10.2447
10.22
10.1397
10.2657
10.2012
10.1308
10.2066
10.1358
10.2578
10.2335
10.1572
10.4367
10.348
10.4425
10.3536
10.2681
10.3376
10.2488
10.2277
10.1729
10.1003
10.1879
10.1219
10.248
10.1673
10.1031
10.3042
10.222
10.2332
10.511
10.41
10.3695
10.2811
10.3952
10.3102
10.2283
10.2972
10.2209
10.3358
10.257
10.1743
10.2528
10.3185
10.3541
10.5885
10.5175
10.456
10.3621
10.4626
10.3637
10.3076
10.2688
10.1812
10.2836
10.2025
10.1303
10.2148
10.1373
10.1386
10.2078
10.1497
10.4233
10.3239
10.4302
10.3403
10.269
10.2499
10.1817
10.2893
10.2075
10.1409
10.1295
10.0729
10.2079
10.2251
10.1848
10.4578
10.3622
10.5688
10.4648
10.3958
10.3438
10.2638
10.5013
10.4018
10.3753
10.3546
10.2655
10.4852
10.3923
10.3511
10.3656
10.2832
10.3564
10.3144
10.2906
10.2961
10.2156
10.5043
10.3994
10.3716
10.2936
10.21
10.495
10.4112
10.4018
10.3435
10.3208
10.4782
10.3812
10.484
10.3904
10.3039
10.2743
10.1947
10.1993
10.1411
10.0753
10.17
10.1152
10.2474
10.1736
10.1196
10.0862
10.1528
10.1624
10.1515
10.087
10.4135
10.3302
10.3128
10.583
10.4873
10.7397
10.6422
10.7433
10.6308
10.5176
10.5666
10.6229
10.6395
10.6927
10.612
10.8449
10.7132
10.8961
10.7658
10.7115
10.6522
10.5397
10.7484
10.633
10.5644
10.5162
10.4199
10.703
10.5857
10.5269
10.7435
10.6319
10.6758
10.5632
10.6459
10.5625
10.4866
10.4443
10.361
10.4692
10.3856
10.3428
10.3325
10.3994
10.4373
10.4051
10.396
10.4859
10.4047
10.4867
10.3993
10.5252
10.4331
10.3583
10.3319
10.2611
10.3855
10.3157
10.2623
10.3716
10.3005
10.3654
10.5847
10.5296
10.483
10.3945
10.6058
10.5196
10.484
10.4391
10.3532
10.4204
10.3365
10.3333
10.2871
10.2424
10.527
10.4545
10.4652
10.5162
10.4726
10.4351
10.348
10.4909
10.4045
10.3733
10.3443
10.2754
10.5068
10.4236
10.4311
10.3643
10.2991
10.5728
10.4756
10.4609
10.5236
10.4317
10.4891
10.3924
10.3763
10.345
10.2822
10.3664
10.2936
10.4213
10.3961
10.3245
10.2974
10.3648
10.4017
10.4884
10.4466
10.4407
10.3618
10.5894
10.5025
10.4468
10.4232
10.3475
10.6173
10.5325
10.5278
10.5747
10.4853
10.6426
10.5629
10.6663
10.5671
10.5053
10.4698
10.4038
10.5075
10.4319
10.3577
10.3448
10.2742
10.4003
10.3753
10.3173
10.581
10.4967
10.7057
10.6125
10.5595
10.5249
10.4471
10.7063
10.6029
10.5775
10.4945
10.4134
10.5022
10.4179
10.5291
10.4943
10.4111
10.3989
10.3246
10.3202
10.4137
10.3419
10.3278
10.2669
10.3876
10.328
10.2616
10.2554
10.1969
10.3184
10.3708
10.3667
10.642
10.5546
10.8022
10.701
10.6664
10.5754
10.4949
10.5784
10.4924
10.4854
10.4096
10.3456
10.3379
10.28
10.3765
10.4886
10.4448
10.6531
10.5639
10.5616
10.4766
10.4412
10.4237
10.3521
10.6371
10.5609
10.5434
10.5053
10.4335
10.5657
10.4921
10.5394
10.6111
10.5523
10.5182
10.4418
10.554
10.4785
10.4414
10.4346
10.3656
10.6033
10.5193
10.5155
10.4452
10.3784
10.504
10.4419
10.4589
10.5083
10.4621
10.4386
10.3638
10.485
10.4205
10.394
10.3831
10.3252
10.572
10.4811
10.4685
10.4606
10.4677
10.774
10.8114
10.8434
10.7825
10.7178
10.6807
10.5991
10.8059
10.7149
10.6659
10.8452
10.7379
10.6858
10.5882
10.6876
10.77
10.747
10.9524
10.8392
10.8828
10.7708
10.7318
10.6667
10.5737
10.6592
10.575
10.6852
10.5901
10.5467
10.5117
10.4444
10.6839
10.5908
10.5571
10.7913
10.7009
10.7557
10.6599
10.7683
10.6832
10.6302
10.5985
10.5174
10.7479
10.6666
10.6325
10.7708
10.6955
10.841
10.7424
10.8354
10.7396
10.6517
10.6125
10.5273
10.6444
10.5706
10.5207
10.5066
10.4322
10.7192
10.6236
10.5776
10.6919
10.6066
10.7682
10.6826
10.7823
10.7078
10.6431
10.6131
10.536
10.8238
10.7257
10.6723
10.6355
10.5523
10.6362
10.5683
10.653
10.6353
10.5958
10.8609
10.7636
10.803
10.8581
10.818
10.7284
10.6392
10.7102
10.6138
10.7204
10.641
10.5687
10.6773
10.5883
10.6519
10.8457
10.8092
10.7228
10.6357
10.7089
10.6253
10.7508
10.6663
10.6236
10.601
10.532
10.8202
10.7533
10.8205
10.9075
10.8197
11.0727
10.9489
11.209
11.0757
11.014
10.909
10.8022
10.8552
10.7533
10.7299
10.6482
10.5718
10.6626
10.5912
10.652
10.7159
10.6598
10.6287
10.5527
10.8118
10.717
10.8108
10.7295
10.6439
10.6162
10.5619
10.7703
10.6972
10.762
10.8413
10.7536
10.9775
10.8633
10.8768
10.8721
10.834
10.7958
10.6998
10.961
10.8557
10.9451
10.8514
10.7522
10.8652
10.7711
10.8163
10.8601
10.8079
10.767
10.6773
10.9625
10.8724
10.9594
10.8655
10.7692
10.7283
10.6405
10.8725
10.7965
10.8747
10.9016
10.8019
10.9028
10.821
10.8512
10.8116
10.7602
10.7605
10.6791
10.9469
10.8512
10.9394
10.8442
10.7489
10.8486
10.759
10.7786
11.006
10.964
10.866
10.763
11.0375
10.9314
11.0183
10.9253
10.8356
10.9004
10.8109
10.9127
10.8379
10.8868
11.0175
10.9132
11.0781
10.9853
11.0705
10.9532
10.9105
10.8174
10.7266
11.0018
10.8938
10.9849
10.8793
10.782
10.9424
10.8795
10.9309
11.1176
11.0712
10.9731
10.8723
10.9361
10.8398
10.95
10.8618
10.7691
10.7355
10.6603
10.962
10.8658
10.991
11.0453
10.9981
11.2828
11.182
11.2265
11.1009
11.1258
11.2943
11.1961
11.1331
11.0158
11.2821
11.1691
11.2331
11.3225
11.2207
11.2569
11.1334
11.2677
11.1562
11.2296
11.1146
11.0052
10.9557
10.8664
11.1362
11.0257
11.1047
11.0022
11.0511
11.1893
11.0625
11.0653
11.0166
10.9836
10.8881
10.7959
11.0739
10.9705
11.1803
11.0825
11.014
10.9659
10.8731
11.1532
11.0522
11.0305
11.2422
11.144
11.0743
10.968
11.2414
11.1187
11.0709
10.9797
10.8936
10.9608
10.8735
11.0821
10.9875
11.0553
11.1441
11.0308
11.1621
11.0508
11.2425
11.1338
11.0534
11.0005
10.9022
11.1657
11.06
11.1366
11.0274
10.9316
11.1046
10.9858
11.0261
11.251
11.2169
11.0991
10.9934
11.0501
10.9431
11.0455
10.9545
10.9008
10.8592
10.7818
11.0586
11.0001
11.0998
11.0994
11.0053
11.2259
11.11
11.3584
11.229
11.1776
11.0714
10.9717
11.0334
10.934
11.2125
11.0933
11.0687
11.1363
11.0393
11.2311
11.1085
11.3518
11.2314
11.1851
11.079
10.9793
10.9398
10.8532
11.1325
11.0247
10.991
10.9532
10.9972
11.2211
11.1057
11.3651
11.2444
11.1827
11.1265
11.0228
11.0845
10.9869
11.0883
10.9924
10.965
10.9217
10.8342
11.143
11.0765
11.0973
11.276
11.2218
11.1469
11.0316
11.1384
11.0426
11.1466
11.0458
10.9507
10.9176
10.8373
11.0667
10.9987
11.0457
11.0956
11.001
11.2391
11.1243
11.2021
11.1035
11.0448
11.0086
10.9177
11.1867
11.0846
11.177
11.0812
10.9953
11.1222
11.022
11.0935
11.0827
11.1777
11.0821
10.9941
10.9484
10.8651
11.0813
10.9944
10.9756
10.8961
10.8127
10.889
10.8682
11.0778
11.1417
11.1148
11.0267
10.9364
11.0105
10.9259
11.047
10.9543
10.9347
10.9096
10.8324
11.1225
11.0282
11.1315
11.1474
11.1157
11.3701
11.2542
11.4962
11.3567
11.5175
11.3817
11.328
11.215
11.1099
11.1631
11.057
11.1591
11.0546
11.1347
11.3407
11.2259
11.3572
11.2376
11.4182
11.3106
11.2635
11.1565
11.0501
11.1068
11.0293
11.1374
11.0417
11.0093
11.0573
10.9769
11.1445
11.0468
11.2489
11.1485
11.0993
11.0701
10.9865
11.0514
10.9698
11.0731
10.987
10.9618
10.9361
10.8745
10.8323
10.7645
10.7591
11.088
11.0062
11.1748
11.0705
11.275
11.1744
11.2619
11.1638
11.0706
11.1356
11.0445
11.3213
11.3769
11.3369
11.6247
11.5226
11.4376
11.3053
11.553
11.4189
11.473
11.3552
11.2452
11.1899
11.0891
11.3581
11.2483
11.391
11.2915
11.1811
11.1542
11.0916
11.1198
11.076
11.0605
10.9832
10.9108
11.0043
10.9285
11.1419
11.0512
11.042
11.0549
10.985
11.2831
11.187
11.2289
11.2129
11.3163
11.2091
11.1512
11.1131
11.0283
11.2993
11.2066
11.292
11.1969
11.1608
11.2644
11.1751
11.2285
11.2409
11.2162
11.2634
11.2323
11.129
11.3728
11.3177
11.2073
11.4722
11.3611
11.3231
11.2576
11.1794
11.479
11.3537
11.4242
11.3085
11.2692
11.168
11.41
11.3547
11.2428
11.498
11.3816
11.4645
11.3483
11.2994
11.3935
11.2804
11.3441
11.376
11.5605
11.4362
11.3827
11.4327
11.315
11.3629
11.2584
11.4512
11.3424
11.3028
11.2929
11.188
11.4766
11.362
11.6079
11.4818
11.546
11.4308
11.3252
11.3664
11.2489
11.5111
11.3889
11.4452
11.3463
11.2961
11.5882
11.4568
11.5995
11.4781
11.7072
11.5772
11.5191
11.4436
11.3366
11.3803
11.2786
11.5438
11.4224
11.4869
11.5472
11.4994
11.713
11.5686
11.5821
11.453
11.5214
11.4035
11.3389
11.2854
11.1874
11.4462
11.3514
11.4505
11.3469
11.3145
11.4276
11.3581
11.504
11.393
11.6551
11.5212
11.6104
11.484
11.41
11.3616
11.2608
11.3115
11.2205
11.4336
11.3457
11.4195
11.3806
11.331
11.6008
11.4781
11.6955
11.5639
11.7407
11.6121
11.5417
11.4281
11.3213
11.3717
11.2701
11.4712
11.5016
11.5288
11.5576
11.4848
11.4258
11.3296
11.3709
11.2632
11.4609
11.3545
11.3215
11.2861
11.195
11.2746
11.212
11.4538
11.3551
11.3421
11.3936
11.2932
11.3514
11.2526
11.4584
11.3644
11.3345
11.2506
11.16
11.2241
11.1409
11.3683
11.3091
11.4037
11.4721
11.4445
11.5194
11.4139
11.5672
11.4564
11.705
11.5751
11.5264
11.4179
11.315
11.3752
11.3473
11.615
11.5209
11.5056
11.6863
11.5623
11.5007
11.3841
11.6619
11.538
11.6019
11.485
11.3773
11.3405
11.2436
11.5539
11.4732
11.5928
11.6464
11.7003
11.5778
11.4644
11.5139
11.4037
11.6038
11.4937
11.5774
11.4735
11.3703
11.3405
11.2847
11.5506
11.4343
11.5336
11.4231
11.3595
11.3155
11.2287
11.5036
11.3977
11.5824
11.4654
11.4137
11.372
11.2767
11.4156
11.3247
11.3697
11.607
11.6662
11.5541
11.4722
11.4149
11.3251
11.5965
11.4915
11.6703
11.5609
11.5067
11.451
11.475
11.7329
11.6129
11.6632
11.6167
11.7945
11.6626
11.6127
11.5146
11.4115
11.469
11.3587
11.5608
11.4579
11.4264
11.4957
11.4266
11.6754
11.5527
11.8272
11.6905
11.8635
11.7222
11.6345
11.5614
11.4497
11.7215
11.5934
11.7669
11.6547
11.818
11.8308
11.7377
11.8107
11.6762
11.7077
11.5846
11.7737
11.6426
11.5847
11.4806
11.3733
11.3267
11.2371
11.5814
11.4654
11.5749
11.6084
11.5578
11.4425
11.3555
11.5671
11.4594
11.6487
11.5389
11.4909
11.3834
11.3025
11.3588
11.3589
11.5966
11.4827
11.4575
11.5137
11.4451
11.3998
11.309
11.5826
11.4688
11.6534
11.5438
11.5012
11.4608
11.3617
11.5787
11.5033
11.5636
11.5421
11.6273
11.5127
11.4564
11.4183
11.3175
11.3778
11.3008
11.5635
11.4565
11.4239
11.3602
11.4493
11.7384
11.622
11.6588
11.5375
11.7272
11.6016
11.6696
11.5632
11.4944
11.4456
11.349
11.6284
11.5145
11.6014
11.6779
11.7019
11.725
11.606
11.6408
11.5274
11.7772
11.6658
11.612
11.5131
11.4202
11.4816
11.3835
11.656
11.5589
11.8175
11.6926
11.6614
11.6972
11.5789
11.7938
11.6763
11.924
11.7959
11.8575
11.7302
11.6429
11.5792
11.4795
11.7522
11.8109
11.8187
11.7501
11.938
11.806
11.7061
11.6377
11.523
11.7799
11.6657
11.8577
11.7357
11.6703
11.5721
11.4847
11.5659
11.4727
11.7852
11.661
11.7399
11.6379
11.5725
11.5269
11.4312
11.4873
11.3934
11.5833
11.4817
11.4538
11.4538
11.3941
11.6577
11.5509
11.6109
11.5093
11.7768
11.6594
11.7353
11.6279
11.5631
11.5207
11.4306
11.4977
11.4275
11.7777
11.6609
11.7729
11.8426
11.7946
11.6883
11.5977
11.5319
11.4305
11.6969
11.597
11.6657
11.5653
11.4983
11.4885
11.4096
11.7098
11.6044
11.857
11.7338
11.8023
11.6954
11.6342
11.5839
11.4852
11.5443
11.4471
11.6543
11.5496
11.5582
11.4616
11.4201
11.5188
11.4306
11.4944
11.403
11.6308
11.5306
11.7276
11.6185
11.5504
11.5088
11.4165
11.4961
11.5548
11.5895
11.8101
11.9892
11.8512
11.7808
11.7135
11.6037
11.673
11.5609
11.7519
11.653
11.7181
11.6104
11.5317
11.6411
11.5323
11.7812
11.685
11.9366
11.8068
11.8652
11.7547
11.6798
11.6298
11.5254
11.5822
11.4897
11.7565
11.7928
11.7913
11.7255
11.7088
11.7314
11.6656
11.6045
11.5112
11.7876
11.6807
11.8782
11.7575
11.7133
11.6074
11.5297
11.4851
11.401
11.4802
11.4734
11.4552
11.4865
11.4418
11.4051
11.331
11.405
11.3444
11.6411
11.5436
11.5267
11.6221
11.6531
11.8368
11.7591
11.6547
11.7685
11.9584
11.8267
12.0798
11.9441
12.1078
11.9656
11.9095
11.7844
11.7063
11.8971
11.7843
12.0051
11.8724
12.1087
11.9739
12.0341
11.9
11.8175
11.7478
11.6384
11.6878
11.5884
11.8587
11.8902
11.9024
11.9727
11.9291
11.9437
11.8662
11.7906
11.6912
11.953
11.8368
12.0192
11.902
11.9726
11.8487
11.7888
11.8798
11.7699
11.9188
11.8203
12.0624
11.9362
12.1195
11.9781
11.9345
11.8276
11.7539
11.6933
11.6036
11.6747
11.7482
11.8366
11.7785
11.9754
11.8614
11.9375
11.828
11.7543
11.7127
11.6145
11.666
11.5743
11.8533
11.7429
11.8469
11.8499
11.8799
11.91
11.8028
11.7391
11.6357
11.8979
11.7944
11.9786
11.8567
11.8008
11.7542
11.6558
11.6028
11.7071
11.8822
11.7981
11.8434
12.0591
12.2919
12.1334
12.0681
11.9373
11.8565
11.8099
11.7044
11.7533
11.6535
11.9443
11.8186
11.832
11.8843
11.8437
11.8462
11.7671
11.7205
11.6198
11.9147
11.7969
11.9968
11.878
11.9506
11.9336
11.8471
12.0698
11.932
12.0805
11.9518
12.1915
12.0511
12.2333
12.0884
12.0174
11.9421
11.8294
11.7849
11.688
12.0184
11.8919
11.9143
11.959
12.132
11.9983
11.9436
11.8359
11.7305
11.7002
11.6088
11.8805
11.775
11.8589
11.9255
11.8995
11.996
11.9524
12.1271
11.9981
12.0272
11.9058
12.1531
12.0328
11.9904
11.8637
11.795
11.7386
11.6498
11.8396
11.7401
11.9817
11.8757
12.1196
11.9828
12.1547
12.042
12.1049
11.9817
11.9003
11.8453
11.7343
11.7847
11.8482
11.9266
11.8114
11.8679
11.824
11.9033
11.8144
11.7773
11.7298
11.6523
11.7116
11.6209
11.8915
11.795
12.0489
11.9284
11.947
11.9768
11.9314
11.8842
11.7714
11.8323
11.7382
11.9953
11.8841
12.0684
11.9458
11.8756
11.8395
11.8668
12.0794
11.9528
12.1127
11.9832
12.2327
12.1135
12.2912
12.1534
12.0847
11.9786
11.8637
11.8013
11.7062
12.0369
11.9219
11.9808
12.0204
12.024
12.0163
11.9751
11.9034
11.8168
11.7838
11.6897
11.9585
11.8568
12.0593
12.0261
11.9996
12.0395
11.9597
11.996
11.8994
11.84
11.7474
11.9538
11.8474
11.8319
11.9553
11.9173
11.8121
11.7222
11.8619
11.8011
12.0584
11.9501
12.0101
11.8988
12.1579
12.0304
12.2228
12.0898
12.1508
12.038
11.9518
11.902
11.9385
12.173
12.0454
12.2712
12.1473
12.359
12.216
12.1548
12.0325
11.9528
11.8943
11.7936
11.8575
11.7606
12.0618
11.9396
11.9699
12.1684
12.2159
12.081
12.0001
11.9433
11.8444
11.8979
11.8036
12.0745
11.9639
12.1658
12.1539
12.1487
12.171
12.1108
12.0305
11.9232
11.9786
11.8738
12.1378
12.0183
12.1939
12.0827
12.1652
12.0443
11.9873
12.1291
12.0192
12.248
12.116
12.16
12.0362
12.2209
12.0986
12.2715
12.1421
12.0896
12.0267
11.9152
11.8634
11.9404
12.1881
12.0672
12.3043
12.1745
12.353
12.2189
12.2643
12.1473
12.0684
12.0091
11.903
11.9515
11.8764
12.1771
12.0551
12.0873
12.0231
12.1197
12.0035
11.944
11.8873
11.7932
11.8525
11.7689
12.0461
11.9382
12.2027
12.1192
12.1259
12.1728
12.1201
12.0631
11.9936
11.9397
11.8398
12.1319
12.0125
12.2035
12.0851
12.3077
12.1803
12.2965
12.1952
12.2206
12.3986
12.2596
12.1816
12.0695
12.324
12.1983
12.4029
12.2755
12.3319
12.2239
12.1637
12.0988
12.0244
12.3164
12.1832
12.3545
12.2223
12.4648
12.3292
12.483
12.3406
12.5031
12.3642
12.3047
12.2266
12.1148
12.0584
12.0017
12.2719
12.1574
12.4015
12.2638
12.4929
12.3481
12.4087
12.2727
12.1777
12.1092
12.0035
12.0555
11.9745
12.052
12.0462
12.1735
12.2207
12.1976
12.2381
12.1764
12.1039
12.0042
11.9554
11.8662
11.9459
11.8644
12.1333
12.0319
12.2597
12.2414
12.2534
12.2834
12.3527
12.3341
12.2383
12.1716
12.0566
12.1053
11.9982
12.2607
12.1483
12.4038
12.3093
12.3104
12.4834
12.5388
12.4048
12.3195
12.2288
12.1163
12.1703
12.0555
12.324
12.2133
12.3886
12.2769
12.4059
12.4272
12.3837
12.3055
12.2199
12.144
12.0373
12.0966
11.9937
12.0499
11.9509
12.2311
12.124
12.4188
12.4113
12.4168
12.4588
12.6173
12.4839
12.4201
12.3036
12.1822
12.123
12.0179
12.0781
11.9811
12.2428
12.1632
12.2432
12.2313
12.4137
12.2901
12.3564
12.2385
12.1658
12.0967
11.9924
12.1811
12.0675
12.1139
12.0102
12.2016
12.0906
12.1577
12.1549
12.4047
12.2784
12.3492
12.24
12.1807
12.1205
12.023
11.9797
11.8983
12.1832
12.1119
12.3925
12.2624
12.2769
12.3182
12.3907
12.2718
12.1858
12.1321
12.028
12.0767
11.9962
12.261
12.155
12.4373
12.3339
12.5163
12.5566
12.5256
12.5367
12.4747
12.4483
12.3617
12.2851
12.1591
12.197
12.0913
12.3473
12.3322
12.5424
12.4183
12.4299
12.4573
12.625
12.4715
12.5345
12.4199
12.3481
12.2735
12.1658
12.2205
12.1142
12.2504
12.1538
12.3944
12.2789
12.5164
12.378
12.5303
12.3883
12.4504
12.3219
12.267
12.2057
12.1059
12.0592
12.0297
12.1247
12.0766
12.1446
12.1306
12.4036
12.2818
12.3563
12.244
12.3205
12.2131
12.1589
12.1005
12.0056
12.1962
12.0998
12.1708
12.2116
12.47
12.3463
12.3085
12.2073
12.1928
12.0862
12.4846
12.3564
12.2779
12.4614
12.4533
12.5693
12.4732
12.663
12.5077
12.5236
12.3893
12.6319
12.494
12.6309
12.4927
12.4352
12.3348
12.402
12.4259
12.3771
12.5916
12.5048
12.4187
12.3035
12.5002
12.3747
12.4186
12.2891
12.5355
12.3967
12.5588
12.4345
12.4917
12.5085
12.4394
12.369
12.6383
12.5517
12.4292
12.3787
12.2645
12.5108
12.3931
12.6353
12.4985
12.7367
12.6943
12.7022
12.859
12.8871
12.7285
12.6514
12.5279
12.3994
12.3222
12.2115
12.2558
12.1561
12.4118
12.3008
12.5079
12.3854
12.3971
12.445
12.5003
12.3807
12.3036
12.2367
12.1416
12.2018
12.1018
12.3684
12.2518
12.4997
12.5253
12.5624
12.5845
12.8082
12.6485
12.7042
12.5728
12.5018
12.4245
12.3148
12.2405
12.1426
12.1993
12.1117
12.4349
12.319
12.5613
12.4299
12.459
12.3956
12.4713
12.3532
12.3184
12.2236
12.1653
12.112
12.0328
12.1073
12.1631
12.2368
12.1359
12.4003
12.2968
12.5472
12.4288
12.5051
12.3902
12.3439
12.2555
12.1471
12.1037
12.0273
12.1557
12.0655
12.1556
12.1203
12.4189
12.3158
12.3904
12.286
12.2526
12.2195
12.1229
12.0766
12.0063
12.3021
12.3365
12.4032
12.5303
12.7707
12.6287
12.6826
12.5467
12.7142
12.5896
12.6406
12.5243
12.4469
12.3811
12.2837
12.2112
12.1171
12.1765
12.2312
12.4388
12.3252
12.4212
12.3228
12.2796
12.1784
12.1771
12.1472
12.0669
12.1541
12.2072
12.4324
12.3139
12.5864
12.4607
12.6988
12.5795
12.7378
12.5984
12.7675
12.6182
12.5567
12.5922
12.6013
12.5216
12.4661
12.6595
12.5599
12.4746
12.3609
12.4011
12.2893
12.5451
12.4281
12.6625
12.5477
12.7068
12.7058
12.7181
12.7281
12.656
12.525
12.4936
12.3913
12.3537
12.3031
12.2062
12.2709
12.1814
12.2496
12.1711
12.1361
12.0868
12.1293
12.1465
12.1279
12.1269
12.1174
12.0892
12.0207
12.1039
12.0242
12.1147
12.0362
12.1261
12.1656
12.2602
12.2394
12.5049
12.4019
12.6754
12.5598
12.8042
12.6634
12.7306
12.5892
12.5189
12.4496
12.4093
12.4887
12.3742
12.5704
12.4537
12.4977
12.3889
12.6679
12.5415
12.7953
12.6611
12.9083
12.7568
12.7964
12.7954
12.7395
12.8913
12.8082
12.7132
12.61
12.527
12.4127
12.458
12.3495
12.6083
12.4977
12.7591
12.6264
12.7851
12.8052
12.8075
12.8241
12.9824
12.8141
12.8624
12.7207
12.6497
12.5765
12.4621
12.4054
12.3101
12.5231
12.5115
12.6746
12.5444
12.6111
12.4987
12.5541
12.4932
12.7414
12.6039
12.7702
12.6277
12.7963
12.6658
12.738
12.7603
12.7078
12.7316
12.6492
12.5748
12.4652
12.5081
12.4021
12.6556
12.5352
12.7778
12.6442
12.8782
12.7401
12.9165
12.7739
12.9088
12.9162
12.9548
12.8128
12.7459
12.6252
12.5561
12.482
12.3798
12.432
12.334
12.597
12.6013
12.6554
12.559
12.6144
12.5562
12.8211
12.6799
12.8501
12.7159
12.7775
12.6622
12.5959
12.5437
12.4677
12.5218
12.4515
12.5399
12.4298
12.4958
12.3922
12.4571
12.3653
12.6508
12.5304
12.7965
12.6726
12.921
12.8211
12.8464
12.75
12.7602
12.8096
12.8802
12.7493
12.6737
12.5964
12.5169
12.4596
12.3691
12.4186
12.3238
12.6753
12.5643
12.8938
12.779
12.8544
12.7572
12.9784
12.8446
13.0796
12.9228
13.0667
12.9127
12.8371
12.7153
12.8401
12.8595
12.8249
12.8964
12.8258
12.6964
12.574
12.5015
12.3978
12.4933
12.3992
12.6589
12.5497
12.8454
12.7309
12.7922
12.7123
12.9609
12.8262
12.9784
12.8379
12.8978
12.777
12.7122
12.5928
12.5434
12.4777
12.5289
12.8119
12.715
12.7508
12.6331
12.6749
12.5529
12.6032
12.5002
12.5445
12.4478
12.5086
12.4081
12.7494
12.6542
12.7306
12.678
12.9206
12.7906
13.0236
12.8937
13.0486
12.8978
13.1254
12.9759
13.1305
12.9858
13.0537
12.9412
12.8853
12.8533
12.7989
12.711
12.6638
12.5864
12.4951
12.6949
12.6096
12.5371
12.4352
12.6748
12.5767
12.8306
12.7199
12.7453
12.6363
12.8948
12.763
13.0109
12.8701
12.9303
12.7954
12.8566
12.7406
12.8142
12.8565
12.8189
12.8373
12.7823
12.7109
12.5953
12.65
12.5407
12.5982
12.4953
12.5477
12.4472
12.5101
12.432
12.739
12.6216
12.7077
12.6158
12.8636
12.7424
13.0034
12.865
13.0335
12.8914
13.0464
12.9154
12.9754
12.9794
12.9608
12.9251
12.8826
12.853
12.9255
12.8003
12.7474
12.658
12.5908
12.5261
12.4314
12.4633
12.4144
12.6611
12.5598
12.8168
12.6933
12.5794
12.7677
12.6665
12.5547
12.7476
12.6421
12.8979
12.7944
12.8623
12.8614
13.0318
12.8985
13.0569
12.9045
12.9747
12.8508
12.792
12.6806
12.6231
12.5591
12.4728
12.5401
12.4504
12.749
12.6439
12.6852
12.589
12.6398
12.5329
12.7927
12.671
12.9413
12.8131
13.0559
12.9331
12.9951
12.8959
12.9156
12.9205
12.9188
12.8374
13.0131
12.8894
12.9601
12.83
12.9022
12.7935
12.7171
12.853
12.7798
12.9934
12.936
12.847
12.7291
12.7765
12.6747
12.7205
12.6217
12.8761
12.755
13.0041
12.9422
13.1678
13.023
13.2266
13.0721
13.2197
13.0618
13.2157
13.0664
13.2225
13.0707
13.1217
12.9863
13.0639
13.0933
13.0996
13.2343
13.3685
13.2001
13.2452
13.0869
13.1316
12.9946
12.936
12.8763
12.7903
12.7217
12.7123
12.8546
12.7656
12.862
12.7486
12.8984
12.7855
12.8288
12.7221
12.7645
12.6439
12.9001
12.7851
13.1053
12.9611
13.1543
13.0211
13.2439
13.0947
13.253
13.1064
13.2505
13.1007
13.1596
13.0125
13.0806
12.9735
13.0124
13.0291
12.9861
13.0025
12.9562
13.1229
13.0169
12.9286
12.8187
12.7415
12.6509
12.7073
12.6121
12.7905
12.7097
12.981
12.8578
12.889
12.7623
13.0122
12.8926
13.1369
12.9948
13.0631
12.9396
13.0137
12.9216
12.9878
13.0322
13.005
13.008
12.9468
12.9681
12.9104
12.7915
12.9173
12.8001
12.7387
12.6741
12.5793
12.8164
12.7259
13.0104
12.8877
12.9097
12.7867
13.0313
12.8954
13.1235
12.9842
13.2364
13.0865
13.3153
13.1934
13.4368
13.2628
13.2366
13.1561
13.3068
13.1635
13.2154
13.0755
13.1286
13.005
13.0748
12.9562
13.0262
13.0769
13.0548
13.2333
13.1484
13.0601
12.9607
12.8784
12.7623
12.8206
12.7126
12.7721
12.6641
12.9391
12.8807
13.1932
13.0502
13.1211
12.9872
13.2214
13.0801
13.2944
13.1435
13.3595
13.2015
13.3518
13.1978
13.2437
13.2287
13.1921
13.3579
13.5001
13.3311
13.3598
13.2018
13.1254
13.0213
12.9285
12.8438
12.7358
12.6804
12.7137
12.796
12.6874
12.7452
12.6431
12.8307
12.739
12.9983
12.8701
13.1412
13.0051
13.2222
13.0939
13.3297
13.2491
13.4201
13.2538
13.4592
13.2931
13.4258
13.27
13.4129
13.2428
13.2731
13.1562
13.2121
13.0851
13.1508
13.1566
13.1043
13.0983
13.0346
12.9479
12.8794
12.8137
12.738
12.6795
12.5941
12.6684
12.5836
12.8441
12.7784
12.9911
12.9037
13.16
13.0313
13.2437
13.0991
13.1182
12.987
13.0187
12.8981
13.1621
13.097
13.1937
13.0767
13.279
13.1302
13.1489
13.0142
13.2496
13.106
13.3337
13.1775
13.3998
13.2464
13.4848
13.3425
13.4863
13.3216
13.5232
13.3561
13.5599
13.3872
13.5926
13.4192
13.5548
13.395
13.5268
13.3989
13.4742
13.3775
13.4696
13.4381
13.6444
13.4716
13.5994
13.4302
13.4567
13.2978
13.3394
13.1865
13.2466
13.2394
13.1987
13.4044
13.3178
13.2124
13.1264
13.0358
12.9423
12.8692
12.7566
12.8248
12.7219
13.0096
13.0322
13.1898
13.0636
13.2688
13.1198
13.1366
13.0175
13.0413
12.9264
12.9644
12.8537
13.1306
13.0041
13.335
13.1845
13.3551
13.2076
13.2113
13.0821
13.3162
13.1761
13.1977
13.0621
13.276
13.1498
13.3829
13.3418
13.3707
13.2297
13.3737
13.225
13.4428
13.2897
13.503
13.3479
13.5631
13.4026
13.612
13.4392
13.6586
13.5123
13.5228
13.3868
13.5351
13.3684
13.5185
13.3587
13.3944
13.2475
13.2958
13.1607
13.1028
13.0307
13.0798
13.1261
13.0746
13.2572
13.1557
13.072
12.9616
12.8922
12.7893
12.8353
12.7349
12.9875
12.8818
13.2133
13.1139
13.1683
13.08
13.2986
13.1502
13.3604
13.2071
13.4306
13.2732
13.488
13.3324
13.4719
13.4094
13.4161
13.3517
13.5644
13.4032
13.5355
13.3698
13.5203
13.3601
13.4999
13.3372
13.4896
13.3313
13.5073
13.4178
13.3996
13.2905
13.4645
13.3176
13.5478
13.3813
13.5293
13.3698
13.5179
13.3651
13.5178
13.4237
13.5786
13.5829
13.7926
13.6056
13.7351
13.5551
13.7624
13.5772
13.7055
13.5234
13.6575
13.4894
13.7705
13.5829
13.6011
13.4718
13.6066
13.4302
13.5797
13.4089
13.4404
13.3046
13.3791
13.2341
13.3017
13.2671
13.2937
13.3116
13.4752
13.3319
13.3847
13.238
13.2885
13.1565
13.1055
13.0257
12.9525
12.884
12.8356
12.9528
12.8907
13.1525
13.0885
13.0096
12.9078
13.1098
12.993
12.8796
13.0669
12.9949
12.8949
12.9313
13.0421
13.1142
12.9982
13.1812
13.0573
13.0964
12.9829
13.0351
12.92
12.9717
12.8756
12.9273
12.831
13.0556
12.9475
13.2144
13.0857
13.1154
12.9934
13.0455
12.9319
12.979
12.8801
12.9311
12.8295
12.8874
12.9673
13.152
13.0369
13.2389
13.1065
13.3087
13.1748
13.2006
13.0813
13.1154
12.9954
13.0312
12.9308
13.1345
13.0121
13.2217
13.0952
13.128
13.0149
13.0543
12.9457
12.9905
12.8873
13.1194
13.0092
13.2625
13.2208
13.2744
13.1389
13.206
13.1749
13.3922
13.2514
13.2746
13.1441
13.3842
13.2413
13.2551
13.1308
13.2793
13.1605
13.4524
13.3159
13.2206
13.0908
13.3409
13.2043
13.4412
13.2988
13.5142
13.3659
13.3706
13.3229
13.3762
13.2343
13.3623
13.2262
13.2524
13.1206
13.3599
13.2225
13.246
13.1129
13.1496
13.0372
13.2482
13.1233
13.4092
13.2766
13.3031
13.1702
13.2034
13.0802
13.136
13.0118
13.2752
13.1667
13.1988
13.1298
13.345
13.2091
13.2374
13.1155
13.1446
13.034
13.2368
13.1202
13.0437
12.9314
12.9796
12.8803
13.0193
12.9527
13.1576
13.0448
13.1069
12.9994
13.0401
12.9407
12.9942
12.9029
12.9752
12.8704
12.931
12.9355
13.0709
12.9725
13.0957
12.981
13.0298
12.9409
12.8933
12.8146
12.8877
12.7966
12.864
12.7765
12.8771
12.8268
13.0738
12.959
13.0153
12.917
13.1908
13.076
13.3396
13.1982
13.436
13.3003
13.5327
13.4458
13.4785
13.3354
13.3919
13.3217
13.5773
13.424
13.4214
13.2892
13.5312
13.378
13.5942
13.432
13.7204
13.5602
13.7097
13.5429
13.7426
13.5768
13.8071
13.6214
13.6085
13.4441
13.445
13.3115
13.32
13.1945
13.3881
13.2553
13.4635
13.3196
13.4797
13.3308
13.5302
13.3823
13.3816
13.2301
13.4138
13.2737
13.4725
13.3336
13.5467
13.391
13.5625
13.4077
13.3051
13.182
13.2273
13.1113
13.1554
13.0301
13.0685
13.0505
13.2655
13.1371
13.2357
13.1135
13.1657
13.0515
13.1017
12.9966
13.0513
12.9479
13.004
12.9184
12.9888
12.9106
13.1872
13.0768
13.3029
13.1836
13.1064
13.0018
12.9483
12.8511
12.9201
12.8262
12.8949
12.835
13.1901
13.0644
13.3454
13.2251
13.2531
13.1232
13.3807
13.2464
13.4799
13.3419
13.5837
13.4287
13.6259
13.4719
13.6345
13.4734
13.3651
13.2329
13.2613
13.1425
13.1908
13.0747
13.1177
13.0081
13.0651
12.9643
13.1702
13.0768
13.3721
13.2397
13.1605
13.0531
13.1123
13.0074
13.0548
12.952
13.012
12.9219
12.9777
13.0133
13.2511
13.1338
13.2789
13.1935
13.3643
13.2381
13.2737
13.1509
13.1994
13.0808
13.1237
13.0135
13.2294
13.1041
13.3631
13.2383
13.4062
13.2634
13.2908
13.1664
13.2016
13.0912
13.1287
13.0239
13.071
12.994
13.3121
13.2136
13.4648
13.3416
13.2413
13.1273
13.1656
13.0478
13.0951
12.989
13.2642
13.1496
13.4028
13.4448
13.4438
13.3084
13.2175
13.0991
13.3485
13.2148
13.2507
13.1319
13.382
13.2508
13.2852
13.1784
13.3914
13.2541
13.4505
13.3132
13.3334
13.2076
13.2436
13.1172
13.1497
13.0392
13.0892
12.9914
13.066
13.0081
13.1149
13.0763
13.1299
13.0142
13.0651
12.9675
13.2207
13.1045
13.1592
13.0484
13.1049
13.0284
13.1043
13.0838
13.2965
13.1733
13.2254
13.1092
13.1553
13.0429
13.0821
12.9751
13.0319
12.9346
13.0205
13.0036
13.2438
13.1231
13.1646
13.0536
13.3243
13.1942
13.4425
13.3078
13.5367
13.3878
13.6108
13.4648
13.5916
13.5185
13.5654
13.4348
13.6432
13.4794
13.6917
13.5366
13.7438
13.5747
13.776
13.6102
13.8866
13.7116
13.7351
13.64
13.7903
13.6316
13.6297
13.4738
13.4825
13.3405
13.3609
13.2253
13.2764
13.1569
13.3002
13.2231
13.5083
13.3704
13.4026
13.2701
13.299
13.1809
13.2151
13.1046
13.0536
12.9547
13.008
12.9419
13.1589
13.045
13.0901
12.9922
13.0559
12.9549
13.0137
12.9262
13.0081
12.9076
13.1765
13.0742
13.1231
13.0646
13.1518
13.04
13.1505
13.0559
13.105
12.9918
13.0545
12.9627
13.0171
12.9109
12.8612
12.7778
12.9457
12.8548
13.1762
13.0671
13.1248
13.0117
13.0651
12.9677
13.0248
12.9284
12.9956
12.9011
12.9628
13.0141
13.2106
13.1087
13.3801
13.2542
13.4471
13.3115
13.3394
13.222
13.2562
13.1407
13.1818
13.0665
13.1736
13.0973
13.309
13.2487
13.1745
13.0947
13.0165
12.9146
12.8748
12.7819
12.857
12.7743
12.7046
12.7619
13.1014
13.0315
13.3033
13.1983
13.2381
13.1269
13.1718
13.0621
13.1172
13.0179
13.0757
12.9797
13.1822
13.062
13.3694
13.2462
13.2726
13.1558
13.1958
13.0899
13.1439
13.0359
13.1012
12.9994
13.0677
12.9776
13.1956
13.0798
13.3908
13.2695
13.1893
13.0774
13.1287
13.0627
13.0098
12.9271
12.9798
12.8908
12.953
13.0262
13.2094
13.1054
13.3365
13.215
13.144
13.0386
13.1061
12.9956
13.0571
12.9611
13.0258
12.9294
13.2085
13.1614
13.3942
13.3106
13.2294
13.1156
13.3157
13.2381
13.163
13.0511
13.1064
13.0046
13.0586
13.0754
13.2049
13.0924
13.1635
13.0564
13.3322
13.2194
13.2758
13.1568
13.2162
13.1021
13.1422
13.0326
13.2395
13.1774
13.2786
13.1752
13.3691
13.2819
13.1998
13.0974
13.1423
13.0293
13.2423
13.1265
13.1727
13.2247
13.4722
13.3465
13.6352
13.4916
13.5994
13.4574
13.3632
13.2297
13.2615
13.15
13.0753
12.9727
13.2339
13.1135
13.4065
13.277
13.2024
13.0902
13.1501
13.0437
13.0978
12.9957
13.0592
12.9559
13.0208
13.0799
13.3138
13.2049
13.4359
13.2921
13.3246
13.2062
13.2436
13.1224
13.3511
13.2154
13.4635
13.3158
13.6403
13.4894
13.7355
13.5754
13.5979
13.4442
13.6651
13.5139
13.5212
13.3721
13.6116
13.4676
13.6911
13.6853
13.7194
13.5504
13.5483
13.4083
13.4214
13.2954
13.5186
13.371
13.4099
13.2851
13.3232
13.2056
13.4105
13.2873
13.5033
13.3634
13.4871
13.3476
13.3661
13.2495
13.2707
13.1519
13.1944
13.0849
13.3202
13.32
13.5111
13.3635
13.4461
13.3157
13.3364
13.2118
13.2409
13.1274
13.3843
13.2626
13.2945
13.1664
13.4982
13.3559
13.6304
13.4919
13.4984
13.3575
13.3898
13.2551
13.2913
13.1646
13.1078
13.0126
13.0773
13.1023
13.2652
13.1577
13.4474
13.3035
13.4702
13.3704
13.2766
13.154
13.1933
13.0769
13.1215
13.0227
13.2265
13.1329
13.3275
13.2029
13.2566
13.1393
13.1689
13.0563
13.1107
13.0055
13.0607
12.9599
13.0237
13.0393
13.3148
13.2128
13.2513
13.1583
13.0949
12.9993
13.0663
12.9669
13.0356
12.943
12.8951
12.8158
13.0586
12.9942
13.3123
13.1966
13.2394
13.131
13.1769
13.063
13.1181
13.0107
13.2023
13.1093
13.0537
13.1231
13.1527
13.0633
13.3188
13.1962
13.2379
13.1273
13.1826
13.0692
13.1152
13.0049
13.0685
12.973
13.2095
13.1679
13.1254
13.3157
13.2414
13.142
13.089
12.9792
13.031
12.9415
13.0031
12.9128
13.0121
13.1471
13.3859
13.308
13.4767
13.3886
13.3101
13.1839
13.1106
13.0078
13.0672
12.967
13.0334
12.941
13.1306
13.1164
13.3188
13.2086
13.1471
13.0424
13.0939
12.995
12.9481
12.8624
12.9262
12.8419
12.9113
12.878
13.2194
13.1207
13.307
13.1988
13.3818
13.2602
13.2852
13.1673
13.2235
13.1142
13.1668
13.0642
13.3981
13.31
13.3432
13.25
13.1808
13.0662
13.1133
13.0083
12.9665
12.8757
12.9552
12.867
13.0535
13.0173
13.2852
13.1652
13.3356
13.2372
13.2648
13.1326
13.1594
13.0419
13.0808
12.9688
13.0184
12.907
