6.66539
6.62665
6.80105
6.89854
6.83031
6.80043
6.96356
7.03541
6.96245
7.00396
7.2954
7.1946
7.1008
7.36437
7.27529
7.17453
7.08914
7.23463
7.15039
7.05894
6.97716
7.07926
7.00678
6.94508
6.90628
6.81433
6.68208
6.55925
6.53424
6.63984
6.52326
6.46935
6.3652
6.48099
6.38338
6.29058
6.21145
6.19486
6.17963
6.09767
6.03238
5.96633
5.98224
5.92224
5.86738
5.82416
5.79964
5.81574
5.76908
5.72614
5.69004
5.72866
5.75316
5.71691
5.67913
5.64399
5.85446
5.81409
5.76697
5.71658
5.76934
5.9051
5.8856
5.82869
5.77929
5.93943
5.89157
5.82834
5.77479
5.77531
5.78704
5.73834
5.69512
5.66135
5.69403
5.67124
5.62961
5.5932
5.56918
5.70505
5.67046
5.62926
5.58992
5.61203
5.62455
5.59353
5.58001
5.64639
5.91037
5.84649
5.78795
5.73494
5.7483
5.87831
5.81823
5.75781
5.71205
5.74542
5.70157
5.65502
5.61626
5.62323
5.64399
5.61111
5.57691
5.54917
5.57241
5.58912
5.56054
5.52377
5.49909
5.53647
5.51418
5.48478
5.45745
5.46282
5.49368
5.54506
5.53881
5.50798
5.56684
5.82664
5.77181
5.71329
5.72235
5.72437
5.67534
5.62675
5.59951
5.61839
5.62794
5.60323
5.5613
5.55494
5.58172
5.55111
5.52801
5.4962
5.53285
5.56387
5.52716
5.50017
5.48154
5.61403
5.58143
5.57505
5.64728
5.69639
5.80832
5.75722
5.70269
5.68463
5.85018
5.82139
5.75921
5.69957
5.70643
5.7172
5.66693
5.62062
5.58212
5.7317
5.69424
5.64274
5.59572
5.55245
5.6717
5.62493
5.5841
5.54916
5.56726
5.58653
5.56125
5.52894
5.49985
5.64827
5.71158
5.682
5.63941
5.68355
5.92668
5.85359
5.79778
5.73634
5.85567
5.79628
5.73737
5.68705
5.69289
5.70354
5.66301
5.61313
5.57262
5.69359
5.63805
5.59157
5.55655
5.57076
5.61086
5.57057
5.53393
5.50186
5.67728
5.64566
5.6088
5.60455
5.60151
5.69159
5.64119
5.59246
5.55375
5.58119
5.63152
5.66247
5.61712
5.5764
5.74692
5.70512
5.65787
5.60784
5.60594
5.60742
5.57901
5.54178
5.50921
5.53065
5.55857
5.53642
5.50173
5.4662
5.63864
5.59317
5.551
5.51119
5.4775
5.64913
5.63267
5.59
5.54796
5.57802
5.67139
5.61656
5.5716
5.53121
5.54818
5.57192
5.53136
5.49382
5.46311
5.59896
5.56098
5.52243
5.50061
5.51722
5.56174
5.52636
5.49927
5.46339
5.48954
5.51409
5.48361
5.45313
5.43779
5.46846
5.43953
5.44085
5.50788
5.52417
5.5655
5.63845
5.591
5.53876
5.6871
5.6311
5.58769
5.55001
5.56532
5.58774
5.543
5.49946
5.46274
5.49214
5.5133
5.47271
5.44543
5.41872
5.46264
5.48912
5.45497
5.4202
5.39492
5.51714
5.4835
5.44691
5.42569
5.45552
5.57398
5.53359
5.50136
5.4663
5.72249
5.66564
5.61043
5.56476
5.52481
5.54724
5.50433
5.46297
5.42677
5.42346
5.61328
5.57704
5.54116
5.49639
5.61584
5.56336
5.51883
5.48279
5.45451
5.47431
5.4407
5.41219
5.39095
5.42031
5.45311
5.41685
5.42546
5.40371
5.45049
5.47705
5.53631
5.49298
5.451
5.59892
5.55447
5.51058
5.47958
5.48235
5.5052
5.46779
5.43997
5.40763
5.44035
5.46138
5.43558
5.41776
5.38517
5.51642
5.48184
5.45404
5.42575
5.39783
5.52938
5.49832
5.46803
5.44123
5.47092
5.56699
5.53116
5.50064
5.46947
5.51248
5.66839
5.67317
5.63164
5.58063
5.68703
5.6375
5.58185
5.53357
5.52191
5.53613
5.50408
5.46506
5.43445
5.4718
5.50106
5.45823
5.42221
5.38931
5.52519
5.50155
5.4626
5.43017
5.43338
5.45634
5.42368
5.38672
5.4259
5.5823
5.53382
5.49183
5.45301
5.4137
5.54326
5.49458
5.45528
5.4218
5.45371
5.48654
5.44947
5.41765
5.39063
5.43586
5.46182
5.42806
5.40257
5.37088
5.50165
5.46049
5.43338
5.39919
5.36595
5.49817
5.46716
5.43639
5.40245
5.40494
5.49785
5.47545
5.43765
5.40527
5.42897
5.4591
5.4815
5.4505
5.4152
5.57813
5.53568
5.49224
5.4523
5.42271
5.54741
5.5018
5.45605
5.42393
5.46462
5.48902
5.45259
5.41259
5.37526
5.4045
5.4343
5.40635
5.38013
5.38377
5.40265
5.38217
5.36202
5.41545
5.44141
5.67016
5.62949
5.57422
5.52396
5.63571
5.57504
5.52328
5.47598
5.43932
5.56892
5.52684
5.48041
5.43765
5.4412
5.46778
5.42868
5.3912
5.36249
5.39905
5.41992
5.38316
5.35785
5.33263
5.46136
5.42723
5.39588
5.37104
5.37358
5.46448
5.44146
5.39823
5.37284
5.42087
5.48928
5.45436
5.41784
5.38708
5.5145
5.47171
5.42638
5.39225
5.36585
5.38182
5.35968
5.34118
5.31659
5.45311
5.41483
5.38432
5.35736
5.37729
5.40201
5.37473
5.34575
5.31497
5.35973
5.38162
5.36824
5.40928
5.37311
5.42438
5.54342
5.53682
5.49717
5.52667
5.57242
5.52505
5.47939
5.44586
5.47589
5.48946
5.44698
5.40874
5.3739
5.34409
5.54422
5.50468
5.46515
5.42033
5.54077
5.50544
5.46208
5.42521
5.42268
5.44524
5.41047
5.38474
5.34616
5.36921
5.41403
5.40471
5.3677
5.34286
5.40267
5.61197
5.56502
5.51483
5.47145
5.59373
5.54267
5.50205
5.46229
5.42359
5.54098
5.48823
5.44518
5.41432
5.44068
5.46563
5.42519
5.39302
5.36032
5.39641
5.41688
5.38518
5.35291
5.32142
5.4565
5.4136
5.37882
5.34863
5.39412
5.46747
5.42355
5.38037
5.34549
5.36215
5.42128
5.43851
5.4011
5.36887
5.39435
5.45752
5.41353
5.3852
5.35547
5.47862
5.43313
5.39677
5.36067
5.32695
5.4537
5.41131
5.37566
5.34157
5.34463
5.36611
5.33492
5.29918
5.267
5.30264
5.33029
5.33254
5.32622
5.33767
5.38266
5.4248
5.43855
5.39684
5.36447
5.49637
5.44973
5.41012
5.3714
5.34154
5.46577
5.42565
5.38198
5.3484
5.31685
5.44178
5.40094
5.36072
5.32689
5.34969
5.37182
5.33865
5.309
5.27737
5.3083
5.33583
5.30535
5.2748
5.30527
5.46694
5.4281
5.41997
5.37993
5.34778
5.38073
5.39516
5.37359
5.34227
5.34169
5.36495
5.33437
5.30187
5.28066
5.31231
5.33474
5.30475
5.28095
5.2577
5.39957
5.3592
5.32383
5.2868
5.26544
5.36863
5.33466
5.30091
5.27865
5.28933
5.317
5.356
5.324
5.28637
5.32886
5.39765
5.39301
5.35734
5.31818
5.35581
5.36098
5.32533
5.29206
5.26278
5.37294
5.34272
5.30611
5.2791
5.24803
5.35363
5.32124
5.28451
5.24899
5.25445
5.28093
5.25182
5.22819
5.20384
5.2321
5.26515
5.23665
5.21138
5.20681
5.27696
5.37712
5.37986
5.33282
5.30021
5.34198
5.39677
5.35896
5.32994
5.33188
5.35479
5.31448
5.2807
5.25054
5.25405
5.28452
5.26066
5.22843
5.20512
5.23068
5.26824
5.24131
5.21821
5.19693
5.23163
5.27287
5.24506
5.21258
5.18555
5.31312
5.297
5.33786
5.30936
5.31315
5.35818
5.37843
5.34103
5.30171
5.32202
5.33998
5.30572
5.27321
5.24604
5.28875
5.31581
5.28246
5.25687
5.23455
5.39071
5.35672
5.31258
5.28575
5.24996
5.37687
5.34303
5.31394
5.27816
5.28524
5.30476
5.27403
5.2437
5.24524
5.29271
5.53411
5.48613
5.44131
5.40533
5.43605
5.49803
5.45219
5.41232
5.37992
5.41781
5.50904
5.47524
5.42544
5.3945
5.49506
5.44853
5.41335
5.38606
5.38083
5.40557
5.3688
5.33569
5.30306
5.32182
5.3443
5.31681
5.29004
5.26076
5.29118
5.31684
5.36104
5.3392
5.31776
5.47247
5.44117
5.39191
5.35058
5.31622
5.4125
5.37546
5.34021
5.30774
5.27798
5.38377
5.3712
5.35509
5.32426
5.29826
5.40842
5.37755
5.34998
5.31789
5.32532
5.34325
5.30843
5.28529
5.26219
5.37118
5.34199
5.31377
5.28128
5.28643
5.31674
5.3516
5.32497
5.31602
5.36974
5.43212
5.39571
5.35972
5.32651
5.42751
5.38344
5.35459
5.32275
5.29686
5.4098
5.37844
5.34255
5.3037
5.27407
5.38582
5.34362
5.30975
5.27423
5.25456
5.3668
5.33327
5.29807
5.26982
5.27599
5.29854
5.27361
5.24644
5.22647
5.26274
5.31
5.35713
5.33082
5.31768
5.46431
5.42839
5.38813
5.34232
5.3428
5.35286
5.32291
5.28704
5.26197
5.26912
5.28693
5.25788
5.23303
5.20809
5.23928
5.26498
5.24718
5.22231
5.20123
5.2196
5.26388
5.23608
5.2177
5.18601
5.2188
5.25193
5.23708
5.21512
5.1931
5.23214
5.31566
5.27479
5.24833
5.22688
5.28579
5.35213
5.32009
5.28529
5.25731
5.35704
5.31818
5.29351
5.25958
5.22834
5.34723
5.31078
5.28592
5.25961
5.26644
5.2868
5.25522
5.23103
5.21132
5.23105
5.26653
5.23842
5.21222
5.18692
5.24277
5.26628
5.28991
5.32698
5.2985
5.41991
5.42861
5.37934
5.3399
5.2902
5.32847
5.4223
5.3745
5.32999
5.29316
5.40054
5.3621
5.3188
5.29129
5.25528
5.36232
5.32046
5.28139
5.2521
5.26045
5.28593
5.25293
5.21957
5.18728
5.15699
5.26972
5.23631
5.21007
5.18571
5.18149
5.25857
5.22632
5.19275
5.16509
5.18972
5.44075
5.40783
5.35967
5.32006
5.34837
5.49039
5.44248
5.39224
5.34513
5.36457
5.36803
5.3305
5.29185
5.25029
5.26737
5.295
5.25163
5.21961
5.191
5.24512
5.25936
5.21503
5.1952
5.16831
5.32788
5.29259
5.27532
5.25055
5.21155
5.25933
5.36751
5.3288
5.28709
5.24818
5.37219
5.33242
5.28848
5.25261
5.21198
5.31601
5.27471
5.23874
5.20842
5.17667
5.28522
5.24225
5.2126
5.18816
5.16765
5.19932
5.16273
5.13882
5.11346
5.14892
5.17579
5.14377
5.11581
5.08509
5.17539
5.22236
5.18673
5.16334
5.13584
5.27101
5.23205
5.20219
5.18025
5.14765
5.25752
5.21877
5.17952
5.1457
5.11724
5.09519
5.13482
5.11586
5.08528
5.05405
5.16835
5.1416
5.1199
5.09143
5.06249
5.17581
5.14672
5.11906
5.09842
5.07194
5.11529
5.11028
5.16737
5.13344
5.14253
5.17287
5.20138
5.16436
5.13908
5.16994
5.19874
5.16011
5.13478
5.10533
5.12026
5.14378
5.11379
5.08588
5.06139
5.03587
5.06741
5.04218
5.02386
5.00171
4.98896
5.10565
5.08191
5.05643
5.03662
5.04057
5.08026
5.05155
5.04429
5.02114
5.04332
5.09157
5.06267
5.04061
5.02662
5.04946
5.07638
5.21902
5.1872
5.14528
5.1152
5.22592
5.18632
5.14717
5.10859
5.0788
5.11053
5.07869
5.05415
5.02628
5.04806
5.08668
5.07106
5.04408
5.02523
5.00669
5.11852
5.08661
5.06103
5.03662
5.02242
5.13605
5.10889
5.12682
5.10841
5.11117
5.13252
5.17957
5.15353
5.11285
5.114
5.13869
5.11474
5.08718
5.06442
5.04846
5.16074
5.12991
5.10435
5.07668
5.04923
5.16836
5.13894
5.10669
5.07558
5.05716
5.17664
5.15309
5.11966
5.08318
5.06178
5.17853
5.13724
5.10283
5.08753
5.12574
5.18284
5.14652
5.11378
5.09124
5.11815
5.14026
5.16922
5.15999
5.12524
5.14008
5.1552
5.11263
5.08869
5.05692
5.05934
5.08585
5.06514
5.04584
5.02648
5.04343
5.08816
5.06693
5.04133
5.03442
5.05175
5.08257
5.06537
5.03028
5.00405
5.02964
5.05581
5.05135
5.08219
5.04668
5.09393
5.11653
5.15205
5.13407
5.09916
5.15059
5.41924
5.35788
5.31505
5.26184
5.36465
5.31518
5.26291
5.22517
5.18393
5.28381
5.23772
5.19932
5.15739
5.1166
5.22239
5.17916
5.14374
5.10839
5.07436
5.19035
5.15524
5.12608
5.09926
5.12017
5.17742
5.14722
5.11258
5.09062
5.10389
5.23801
5.19737
5.16565
5.12989
5.12636
5.15806
5.11215
5.08304
5.05363
5.05328
5.08309
5.05993
5.03397
5.02005
4.99827
5.12943
5.10207
5.0685
5.0415
5.00985
5.12984
5.09895
5.06863
5.04385
5.01847
5.05298
5.09663
5.12867
5.10438
5.06886
5.09423
5.11969
5.15791
5.1239
5.08888
5.20707
5.17291
5.13978
5.10387
5.06455
5.1873
5.15818
5.11977
5.09581
5.05456
5.17539
5.14732
5.11407
5.07929
5.05785
5.09246
5.06873
5.05561
5.03632
5.05854
5.0783
5.04885
5.02665
5.00337
5.08016
5.13027
5.14397
5.10817
5.07987
5.11604
5.27035
5.23406
5.19726
5.1539
5.19573
5.29861
5.26122
5.21581
5.17893
5.204
5.23288
5.19096
5.14947
5.11563
5.12958
5.15566
5.11883
5.10029
5.06651
5.07409
5.11384
5.0909
5.06712
5.03667
5.04192
5.06999
5.05478
5.04866
5.06813
5.06777
5.20894
5.19306
5.15606
5.11042
5.10512
5.15068
5.11876
5.08753
5.05808
5.06915
5.09028
5.07153
5.04374
5.02148
5.06052
5.09196
5.06607
5.04502
5.02192
5.01306
5.13244
5.10376
5.0732
5.05148
5.03599
5.16486
5.13886
5.11373
5.08014
5.05452
5.20626
5.23627
5.20275
5.15975
5.15474
5.1735
5.2042
5.16616
5.12998
5.13682
5.17651
5.14543
5.12188
5.09014
5.1056
5.14364
5.10806
5.07835
5.05855
5.06488
5.09709
5.0758
5.05319
5.02977
5.03706
5.07834
5.05893
5.04234
5.01914
5.02675
5.07571
5.05206
5.10574
5.0838
5.09396
5.14879
5.18441
5.14757
5.12838
5.15701
5.20714
5.16954
5.14657
5.11672
5.12445
5.16496
5.13616
5.10669
5.07578
5.08849
5.13909
5.1101
5.08629
5.06519
5.08207
5.12064
5.08986
5.05795
5.03369
5.15375
5.11589
5.08057
5.05389
5.04021
5.20896
5.1841
5.1606
5.12334
5.164
5.19704
5.21979
5.17989
5.16052
5.16529
5.19634
5.15498
5.12181
5.09335
5.07164
5.18748
5.1537
5.11491
5.09789
5.07327
5.19502
5.15893
5.13073
5.1033
5.08079
5.20442
5.17979
5.15192
5.1202
5.08937
5.21071
5.18461
5.18677
5.15654
5.18156
5.20316
5.30972
5.26635
5.23197
5.23449
5.26402
5.22133
5.19475
5.16678
5.15158
5.26167
5.22434
5.18448
5.14911
5.15527
5.19951
5.16563
5.14978
5.12141
5.12301
5.16066
5.13027
5.10616
5.08274
5.08011
5.12586
5.1044
5.07708
5.06061
5.07433
5.37518
5.39955
5.34962
5.30442
5.32138
5.43887
5.3829
5.33245
5.27882
5.28965
5.3067
5.2573
5.2226
5.18345
5.1988
5.22189
5.18332
5.15376
5.12231
5.14807
5.1682
5.13622
5.10575
5.08668
5.12071
5.1706
5.13353
5.1125
5.08874
5.20813
5.17842
5.14922
5.12241
5.13193
5.26527
5.22716
5.19205
5.1489
5.12127
5.17231
5.20912
5.24424
5.22273
5.22885
5.34837
5.30965
5.25988
5.23138
5.19437
5.30608
5.26824
5.228
5.19652
5.16649
5.2768
5.24515
5.20822
5.17925
5.1458
5.2612
5.22189
5.18878
5.15691
5.12097
5.16783
5.14255
5.11463
5.13508
5.18332
5.31578
5.27684
5.24787
5.2108
5.21043
5.24203
5.26986
5.24278
5.21473
5.20545
5.33367
5.29517
5.25388
5.21758
5.22973
5.26731
5.23235
5.20776
5.17787
5.18828
5.2329
5.19682
5.16956
5.14116
5.15666
5.18517
5.15632
5.13235
5.10352
5.12022
5.16746
5.13535
5.12078
5.17121
5.16919
5.20283
5.27196
5.22886
5.20445
5.20289
5.2375
5.21582
5.19476
5.16602
5.18269
5.22435
5.19256
5.16122
5.15317
5.18562
5.22715
5.2005
5.18249
5.1498
5.20165
5.24533
5.20329
5.1734
5.13917
5.2609
5.23929
5.20507
5.1973
5.16888
5.27049
5.24652
5.21008
5.18217
5.18704
5.20897
5.32561
5.29263
5.2696
5.27122
5.29909
5.26491
5.24267
5.20952
5.21162
5.26459
5.23537
5.20527
5.18033
5.18421
5.2239
5.19454
5.16916
5.14287
5.16208
5.21297
5.19077
5.16034
5.14171
5.13757
5.17225
5.16518
5.1767
5.16177
5.18995
5.23253
5.25615
5.22927
5.19534
5.23423
5.27208
5.22981
5.20226
5.17439
5.2868
5.25158
5.21956
5.20187
5.17461
5.29446
5.26571
5.22429
5.18928
5.15466
5.27121
5.24242
5.21279
5.185
5.20793
5.25422
5.21821
5.18536
5.16034
5.18845
5.25648
5.22568
5.19562
5.18144
5.23273
5.26129
5.30799
5.28513
5.25352
5.37105
5.33431
5.29659
5.25742
5.23036
5.34858
5.32087
5.28363
5.25201
5.22333
5.34435
5.31912
5.28571
5.25388
5.26802
5.29416
5.26732
5.23609
5.22243
5.21586
5.23781
5.22096
5.248
5.25254
5.26672
5.52156
5.47463
5.42326
5.37916
5.39575
5.63746
5.56754
5.50822
5.45692
5.41196
5.36391
5.33014
5.4004
5.4383
5.46933
5.41174
5.37769
5.33349
5.44451
5.39607
5.34836
5.30824
5.27384
5.3965
5.36354
5.32504
5.29819
5.27606
5.44188
5.4112
5.3634
5.32963
5.332
5.37165
5.37979
5.33763
5.3091
5.30371
5.3224
5.28392
5.26058
5.23669
5.24168
5.32074
5.29181
5.26438
5.23743
5.2073
5.33484
5.30495
5.27825
5.2501
5.26466
5.29197
5.25898
5.23583
5.22512
5.35592
5.32566
5.31188
5.32524
5.29447
5.30599
5.42111
5.38966
5.3514
5.31372
5.42979
5.40008
5.36887
5.32823
5.33146
5.35025
5.32179
5.28511
5.26635
5.27484
5.29753
5.28026
5.2683
5.24526
5.25136
5.27344
5.25298
5.23823
5.22249
5.35263
5.32609
5.29474
5.2781
5.26229
5.42012
5.39281
5.35037
5.31844
5.31104
5.32863
5.46387
5.41057
5.39209
5.38143
5.40102
5.36316
5.32255
5.29404
5.30415
5.32424
5.29636
5.27481
5.25383
5.25608
5.26744
5.24676
5.22783
5.21703
5.24389
5.27351
5.25786
5.24335
5.22355
5.3402
5.3198
5.37651
5.37711
5.35896
5.37295
5.41074
5.39488
5.36567
5.38191
5.5105
5.46683
5.43973
5.39996
5.42192
5.43058
5.40073
5.36899
5.34649
5.46494
5.42144
5.3809
5.35104
5.34774
5.35927
5.32585
5.30647
5.29668
5.41731
5.38687
5.35928
5.3327
5.33921
5.51564
5.48937
5.44898
5.45594
5.45828
5.45996
5.43457
5.40148
5.40364
5.41996
5.37941
5.34426
5.31275
5.32177
5.35154
5.32337
5.29862
5.28554
5.29783
5.32232
5.30027
5.28374
5.2642
5.27291
5.29637
5.27487
5.26147
5.2397
5.36759
5.34324
5.33191
5.3591
5.36831
5.40537
5.39876
5.39215
5.37359
5.406
5.43433
5.39469
5.36783
5.32995
5.35169
5.44964
5.42174
5.38829
5.36197
5.3924
5.40366
5.37868
5.35446
5.32372
5.44123
5.41197
5.38446
5.36482
5.3654
5.39062
5.37194
5.35264
5.32762
5.39712
5.44251
5.40915
5.38339
5.37602
5.52617
5.49066
5.45142
5.42671
5.39689
5.55054
5.50724
5.47578
5.44444
5.44353
5.45988
5.43553
5.40464
5.38539
5.40512
5.43204
5.41714
5.38559
5.37396
5.48044
5.45801
5.43853
5.39873
5.4044
5.42133
5.39102
5.41593
5.40002
5.42527
5.6708
5.61586
5.57303
5.52876
5.53918
5.56179
5.51522
5.47614
5.47819
5.44625
5.41883
5.49336
5.46831
5.49556
5.50632
5.47347
5.44392
5.42093
5.66699
5.61741
5.57903
5.54769
5.55132
5.56195
5.535
5.50435
5.47409
5.48167
5.53903
5.53229
5.49399
5.46171
5.56326
5.56836
5.55249
5.5043
5.47005
5.48804
5.46755
5.44129
5.4121
5.42935
5.45179
5.42415
5.4172
5.40378
5.42683
5.4539
5.43953
5.41831
5.39998
5.53066
5.50486
5.47168
5.4622
5.46817
5.48798
5.48696
5.51196
5.50148
5.63731
5.59882
5.5644
5.52515
5.53072
5.54226
5.51675
5.4828
5.46423
5.46468
5.49227
5.47052
5.44139
5.4207
5.43342
5.45945
5.43935
5.42381
5.43785
5.46628
5.45416
5.43609
5.42768
5.44316
5.46094
5.43768
5.42921
5.41222
5.47685
5.55606
5.52966
5.4977
5.5202
5.53865
5.57499
5.54647
5.51752
5.52182
5.53999
5.51741
5.50085
5.48648
5.61265
5.58036
5.54997
5.52633
5.52927
5.55101
5.51344
5.49317
5.46945
5.49878
5.52571
5.49681
5.47462
5.48087
5.49985
5.5319
5.55705
5.52712
5.54059
5.5688
5.53953
5.51724
5.53583
5.79558
5.74725
5.70765
5.66902
5.69396
5.70918
5.66777
5.63951
5.6389
5.64719
5.60859
5.58379
5.55806
5.56902
5.60345
5.57302
5.54859
5.53082
5.65447
5.61542
5.58063
5.55036
5.56137
5.63055
5.59681
5.57451
5.57093
5.6033
5.65755
5.61892
5.59264
5.57127
5.71042
5.67987
5.6417
5.60895
5.60982
5.63293
5.60682
5.5768
5.56843
5.61204
5.58513
5.55818
5.53946
5.54968
5.66118
5.65195
5.62331
5.60082
5.57636
5.56416
5.54485
5.82717
5.82631
5.7815
5.74416
5.71215
5.6758
5.65441
5.75252
5.72465
5.69551
5.65924
5.7796
5.74046
5.70257
5.66913
5.66398
5.67445
5.65847
5.62818
5.60253
5.82258
5.76971
5.72518
5.69115
5.71461
5.67985
5.65425
5.63523
5.69168
5.73818
5.70567
5.67469
5.6481
5.79167
5.80458
5.76102
5.73012
5.72723
5.73306
5.70698
5.67347
5.65673
5.69704
5.72281
5.69152
5.66867
5.66409
5.68539
5.65729
5.62957
5.61243
5.62135
5.64168
5.61702
5.60007
5.58565
5.72522
5.7122
5.74043
5.70657
5.72446
5.76465
5.74024
5.72929
5.73554
5.75174
5.76902
5.74479
5.71649
5.72996
5.7566
5.73443
5.70723
5.6731
5.7983
5.7661
5.74491
5.72729
5.73594
5.74927
5.72647
5.70669
5.67504
5.80021
5.7788
5.74582
5.71438
5.74956
5.78951
5.7576
5.73836
5.75014
5.76351
5.7951
5.76185
5.72921
5.73811
5.75411
5.71874
5.68955
5.66746
5.79679
5.76681
5.72716
5.71271
5.71396
5.73483
5.708
5.6865
5.65878
5.78495
5.75999
5.73263
5.70014
5.71059
5.73632
5.7134
5.73959
5.73544
5.90011
5.8901
5.86457
5.82231
5.84504
5.85874
5.82044
5.78097
5.75374
5.88186
5.84694
5.80842
5.77394
5.80366
5.80944
5.77865
5.74553
5.74573
5.77038
5.75651
5.73442
5.71452
5.75625
5.72412
5.70012
5.68099
5.70679
5.81273
5.77906
5.75473
5.74185
5.79352
5.86407
5.83595
5.80656
5.85802
5.9687
5.94102
5.8873
5.89084
5.90256
5.86334
5.83699
5.80086
5.82877
5.80705
5.77729
5.76231
5.76614
5.79549
5.77236
5.75791
5.73897
5.78108
5.79648
5.81647
5.79134
5.81608
5.84673
5.8791
5.84129
5.81078
5.92714
5.88545
5.86195
5.83149
5.98971
5.94738
5.93627
5.90584
5.90409
5.90149
5.86277
5.83637
5.80682
5.96829
5.92354
5.88982
5.86247
6.00981
5.96287
5.92201
5.88789
5.86066
5.94245
5.91865
5.8822
5.85166
5.90599
6.05874
6.02156
5.97706
5.97073
5.98293
5.94374
5.90697
5.86343
6.01546
5.9767
5.93322
5.90069
5.89607
5.91697
5.894
5.86214
5.82754
5.9429
5.90423
5.86887
5.84724
5.84955
5.86976
5.88059
5.86617
5.89308
6.05842
6.04132
5.99688
5.96541
6.11124
6.06924
6.02464
5.97644
5.98185
5.98307
5.95
5.91957
5.88483
6.01233
5.98413
5.94656
5.90936
5.90717
5.92103
5.88804
5.87017
5.844
5.97164
5.93072
5.89704
5.87049
5.91381
5.99171
5.95858
5.92173
5.9345
5.98083
6.04538
6.00163
5.99013
6.00242
5.97255
5.94544
5.91434
6.03649
6.00365
5.96451
5.92957
5.95621
5.96863
5.93491
5.90709
5.91382
5.93541
5.91119
5.8924
5.86997
6.00243
5.97379
6.00827
5.99327
6.03412
6.07607
6.0773
6.03461
6.07727
6.07246
6.02422
5.98043
5.9556
6.08406
6.05031
6.04359
6.02386
6.20002
6.17758
6.13299
6.09352
6.07785
6.08105
6.03716
6.01281
5.98055
6.10455
6.06281
6.02895
5.99104
6.00079
5.96671
5.94426
5.91852
5.8977
5.93618
6.00305
5.97199
5.94962
5.94815
5.97099
5.93545
5.92373
5.90406
6.02759
5.99313
5.96028
5.93175
5.93926
5.96879
5.94474
5.91628
5.92715
5.94232
5.92021
5.89377
5.87223
6.002
5.9705
6.01719
6.01513
6.05045
6.11421
6.09187
6.06408
6.17804
6.13081
6.08419
6.05658
6.08725
6.09497
6.06355
6.03804
6.03448
6.04055
6.0143
5.99429
5.97448
6.10283
6.06184
6.03054
6.00379
6.03419
6.04292
6.01531
5.98494
6.05688
6.12029
6.0837
6.04552
6.04318
6.08277
6.10048
6.06469
6.03265
6.1459
6.11975
6.09492
6.05857
6.07804
6.09962
6.07138
6.047
6.05253
6.07327
6.04366
6.01544
5.98322
6.10498
6.07712
6.05479
6.02337
6.14796
6.14448
6.16975
6.16811
6.33136
6.303
6.26007
6.21568
6.32546
6.27248
6.22272
6.1795
6.19351
6.21176
6.18266
6.14763
6.15229
6.16155
6.12666
6.0877
6.09603
6.11028
6.07548
6.04337
6.02688
6.06088
6.07328
6.04697
6.028
6.02527
6.06083
6.09341
6.09376
6.07876
6.23723
6.21299
6.16984
6.12833
6.24123
6.18999
6.15628
6.11861
6.15933
6.15776
6.13476
6.1105
6.13581
6.14729
6.12696
6.09415
6.06856
6.19016
6.15671
6.12793
6.10184
6.22607
6.1816
6.14869
6.12705
6.19104
6.20748
6.1743
6.13787
6.20028
6.31186
6.26884
6.23853
6.24069
6.24923
6.21311
6.17424
6.14642
6.26679
6.21985
6.17544
6.13973
6.25588
6.21366
6.1793
6.14444
6.25395
6.21638
6.17877
6.14066
6.17123
6.20983
6.24112
6.20049
6.21392
6.36103
6.334
6.28021
6.27785
6.28044
6.23599
6.19166
6.16262
6.28649
6.25581
6.21841
6.19356
6.21901
6.23099
6.19976
6.1616
6.18678
6.2004
6.15788
6.12841
6.13202
6.1416
6.10189
6.07458
6.0951
6.25065
6.21059
6.17628
6.14229
6.37796
6.35718
6.31443
6.26993
6.37426
6.32868
6.28323
6.24412
6.27133
6.2781
6.24765
6.21026
6.24048
6.25868
6.22092
6.19194
6.18955
6.21539
6.18488
6.16135
6.15812
6.1752
6.15144
6.13171
6.16203
6.31524
6.28054
6.24265
6.22655
6.26662
6.27359
6.23873
6.22344
6.43524
6.38327
6.33665
6.3114
6.42505
6.37557
6.31767
6.27061
6.28761
6.29761
6.25992
6.22596
6.24168
6.2614
6.22465
6.19567
6.1912
6.20387
6.18189
6.15426
6.20095
6.27878
6.23797
6.21135
6.22273
6.3673
6.31875
6.28652
6.25046
6.35487
6.31052
6.27192
6.24491
6.36613
6.33646
6.30818
6.27249
6.38109
6.33189
6.28897
6.24478
6.25803
6.26641
6.23128
6.20312
6.23028
6.26178
6.32824
6.29564
6.30888
6.49083
6.48214
6.43029
6.39146
6.4257
6.47471
6.42863
6.42616
6.4648
6.41589
6.36086
6.3167
6.42248
6.3816
6.34205
6.29911
6.40953
6.35464
6.30568
6.27338
6.42079
6.40462
6.35663
6.35198
6.38996
6.49993
6.45324
6.42294
6.42698
6.53378
6.48069
6.42941
6.41772
6.4222
6.37463
6.32645
6.28691
6.39906
6.34989
6.31331
6.27979
6.30956
6.31839
6.27307
6.2431
6.25312
6.27212
6.24086
6.20783
6.22106
6.2323
6.20874
6.19344
6.24949
6.39539
6.38171
6.33784
6.31738
6.44504
6.39486
6.3637
6.32598
6.38623
6.48644
6.4276
6.38485
6.36688
6.37247
6.33484
6.2981
6.30461
6.31761
6.29435
6.26413
6.25703
6.29796
6.25857
6.24452
6.26191
6.32745
6.35365
6.31302
6.29422
6.34299
6.35667
6.32096
6.2843
6.40912
6.38127
6.34586
6.31386
6.44768
6.39948
6.35792
6.32648
6.35414
6.38228
6.33633
6.30296
6.32577
6.33804
6.31035
6.2806
6.2956
6.31118
6.28089
6.25433
6.31607
6.4539
6.40652
6.36165
6.33946
6.56443
6.50809
6.44995
6.42427
6.53028
6.47752
6.42797
6.38004
6.39697
6.64856
6.58954
6.53031
6.47749
6.44445
6.40267
6.40831
6.57823
6.53198
6.48037
6.43813
6.58776
6.62135
6.59352
6.55102
6.5822
6.58116
6.52435
6.46747
6.57828
6.5282
6.47752
6.4317
6.55498
6.51283
6.46714
6.42068
6.53239
6.47997
6.43982
6.39879
6.51059
6.46011
6.41871
6.37478
6.34619
6.35175
6.33957
6.369
6.35681
6.32089
6.30066
6.4622
6.59991
6.54203
6.48994
6.4439
6.56505
6.51361
6.46427
6.42964
6.54849
6.49809
6.45739
6.42675
6.5518
6.5059
6.46111
6.4159
6.56025
6.52127
6.47697
6.43182
6.44796
6.49906
6.45482
6.4143
6.43373
6.45964
6.46412
6.42394
6.41565
6.42472
6.38934
6.36622
6.35883
6.37857
6.34559
6.32527
6.29726
6.4337
6.40255
6.37526
6.35273
6.47631
6.4493
6.41129
6.3791
6.49483
6.4701
6.43123
6.45403
6.57251
6.55463
6.50395
6.46139
6.60945
6.62248
6.58087
6.52755
6.63378
6.58074
6.52741
6.48036
6.60334
6.55536
6.51321
6.4767
6.58739
6.53547
6.49264
6.44894
6.5642
6.51805
6.47462
6.43419
6.55759
6.58935
6.53865
6.48676
6.5301
6.53301
6.50414
6.46491
6.59554
6.54979
6.51186
6.47234
6.59516
6.54328
6.50107
6.45402
6.57264
6.53365
6.49474
6.45168
6.58792
6.53953
6.49272
6.45349
6.57558
6.52313
6.49933
6.54762
6.68951
6.71279
6.64638
6.62666
6.75778
6.70042
6.64169
6.62489
6.62083
6.56595
6.52026
6.47971
6.59648
6.55593
6.51139
6.47404
6.59927
6.546
6.50526
6.47713
6.48478
6.45008
6.4229
6.39495
6.5298
6.57141
6.55529
6.53454
6.56307
6.57398
6.53031
6.4979
6.62123
6.5768
6.52758
6.48799
6.60177
6.56335
6.52591
6.47979
6.6036
6.56031
6.51805
6.4888
6.49524
6.46788
6.43745
6.4361
6.44702
6.41895
6.41376
6.47569
6.74379
6.69255
6.64054
6.61549
6.73749
6.706
6.65072
6.60208
6.7267
6.67761
6.63679
6.58913
6.71431
6.64867
6.59868
6.58476
6.58124
6.5293
6.49834
6.46579
6.60106
6.56751
6.52431
6.48529
6.61632
6.56867
6.59971
6.6172
6.63808
6.63197
6.58189
6.53235
6.66084
6.609
6.55634
6.5114
6.63554
6.5964
6.56185
6.52004
6.64334
6.59279
6.54484
6.51664
6.63659
6.58512
6.54526
6.50922
6.63657
6.59306
6.55363
6.59621
6.59413
6.54792
6.52753
6.49495
6.5385
6.59271
6.55146
6.51172
6.65581
6.60803
6.57534
6.53357
6.66076
6.60555
6.56777
6.53301
6.53961
6.50996
6.47096
6.47511
6.49789
6.46562
6.4418
6.4179
6.43386
6.42815
6.48256
6.46936
6.5333
6.5804
6.54577
6.55745
6.56258
6.53121
6.50517
6.51002
6.5199
6.49065
6.4697
6.43923
6.59468
6.56399
6.52381
6.48932
6.62279
6.58452
6.54166
6.51314
6.63861
6.59645
6.55757
6.56339
6.68291
6.66857
6.61868
6.61626
6.6648
6.66535
6.61728
6.61131
6.61759
6.57682
6.53703
6.51801
6.65101
6.61044
6.56847
6.53674
6.54557
6.51714
6.48334
6.46814
6.60769
6.5745
6.54494
6.56297
6.59011
6.63991
6.64767
6.66529
6.6972
6.69511
6.65696
6.69598
6.65483
6.6152
6.58301
6.62879
6.60147
6.56039
6.52752
6.56433
6.57945
6.54729
6.52151
6.56506
6.54864
6.51907
6.49898
6.631
6.60052
6.56296
6.54628
6.52406
6.53956
6.51802
6.50688
6.59744
6.7302
6.69374
6.65323
6.79217
6.73923
6.69996
6.67732
6.68478
6.66224
6.622
6.61618
6.63289
6.59525
6.55453
6.54881
6.57925
6.5521
6.52527
6.53285
6.54495
6.58344
6.5699
6.56269
6.74777
6.71071
6.6686
6.6948
6.70299
6.65575
6.62427
6.62955
6.65485
6.62423
6.59423
6.62545
6.63411
6.59643
6.57206
6.59991
6.63047
6.60618
6.57928
6.61153
6.63211
6.59377
6.57651
6.57007
6.57399
6.54287
6.51947
6.52747
6.72116
6.67736
6.64051
6.65114
6.78334
6.73887
6.69562
6.68416
6.69337
6.65152
6.61672
6.64937
6.66997
6.62328
6.60018
6.59548
6.61956
6.59571
6.56118
6.60057
6.61573
6.6222
6.61797
6.64816
6.9258
6.87189
6.81852
6.82829
7.0902
7.01494
6.94733
7.08007
7.01773
6.95635
6.89526
7.04705
6.97679
6.91959
6.86963
7.02044
6.96867
6.905
6.84951
6.97275
6.9075
6.86208
6.87403
6.91848
6.89612
6.84712
6.8202
7.08796
7.0172
6.95097
6.91881
6.91091
6.86264
6.82632
6.81693
6.82591
6.78528
6.74757
6.77718
6.77375
6.73893
6.71441
6.74557
6.77087
6.7318
6.70021
6.86056
6.87195
6.90984
6.87934
6.90349
6.89518
6.84646
6.83017
6.82933
6.78699
6.73684
6.70722
6.83224
6.79093
6.74918
6.7496
6.76105
6.72692
6.69382
6.69597
6.70818
6.67998
6.64354
6.68677
6.70263
6.67682
6.69053
6.77063
6.82673
6.78527
6.74654
6.9065
6.93234
6.89424
6.85071
6.96166
6.90939
6.86787
6.85358
6.84572
6.80173
6.77291
6.79952
6.79838
6.76235
6.73441
6.75771
6.77161
6.74674
6.71943
6.75811
6.79498
6.76746
6.73278
6.78705
6.92037
6.87994
6.83316
6.99779
6.94036
6.88497
6.84781
6.96462
6.90537
6.85291
6.84059
6.84426
6.804
6.76418
6.80371
6.8212
6.78152
6.74491
6.78683
6.79541
6.76323
6.7455
6.78833
6.91603
6.87775
6.83334
6.89538
6.95087
6.90049
6.84846
6.9699
6.91783
6.86534
6.81962
6.94964
6.89853
6.85323
6.80277
6.93946
6.88677
6.84137
6.8382
6.84615
6.80277
6.75967
6.79215
6.79925
6.86151
6.82189
6.88183
7.11995
7.06611
7.01172
7.16927
7.09783
7.03508
7.00839
7.00153
6.95331
6.90879
6.90023
6.90033
6.86336
6.83261
6.82545
6.84849
6.81197
6.78356
6.81155
6.82173
6.79769
6.78002
6.97689
6.92442
6.87712
6.83852
6.9628
6.91727
6.87588
6.87764
6.88006
6.84454
6.81219
6.84735
6.85799
6.82692
6.79196
6.83469
6.85281
6.81747
6.79051
6.9159
6.87924
6.83582
6.83638
6.84167
6.83698
6.8502
6.87064
6.94099
6.94721
6.90579
7.07787
7.03048
6.98022
6.93531
6.94691
6.95092
6.90866
6.86782
6.99365
6.95173
6.9119
6.9085
6.91987
6.88632
6.85247
6.85029
6.86487
6.83215
6.81776
6.83149
6.81553
6.79559
6.77261
6.78699
6.96967
7.04556
7.00295
7.05596
7.13033
7.07142
7.02071
7.18636
7.12717
7.06658
7.04797
7.04555
6.99831
6.96455
6.98391
6.98881
6.96391
6.92076
7.08584
7.06919
7.02807
7.02964
7.26543
7.19923
7.13921
7.13666
7.37451
7.30619
7.239
7.2368
7.22868
7.16257
7.10857
7.25305
7.20101
7.13893
7.09391
7.20803
7.1535
7.09392
7.08308
7.08133
7.02822
6.98695
7.02312
7.13535
7.07692
7.02935
7.09993
7.35109
7.27675
7.20913
7.31595
7.2445
7.18657
7.16036
7.14556
7.09351
7.04695
7.0568
7.06827
7.02631
6.98216
7.00848
7.02689
6.98933
6.95285
7.12632
7.13845
7.1241
7.09651
7.32527
7.26305
7.20354
7.18237
7.18011
7.14163
7.10371
7.11877
7.12598
7.08147
7.04384
7.1711
7.12861
7.08088
7.09521
7.11068
7.05783
7.01946
7.19468
7.14738
7.10602
7.0808
7.30374
7.25273
7.1954
7.16686
7.16486
7.20204
7.1466
7.30365
7.25119
7.19501
7.14627
7.25337
7.221
7.16478
7.14219
7.15254
7.1098
7.06104
7.08297
7.09245
7.04893
7.0168
7.17581
7.18106
7.15466
7.16613
7.38802
7.31748
7.24845
7.25228
7.25829
7.20491
7.1668
7.31546
7.28226
7.23115
7.18667
7.29314
7.23909
7.19319
7.20849
7.21419
7.16554
7.12332
7.25009
7.20376
7.15393
7.16723
7.22115
7.26675
7.21694
7.26581
7.42626
7.3699
7.34568
7.34819
7.2839
7.23031
7.21813
7.22991
7.18141
7.14266
7.15922
7.18557
7.14679
7.1187
7.37722
7.33644
7.27955
7.25143
7.27153
7.22284
7.20429
7.21926
7.3026
7.25144
7.2056
7.29542
7.40235
7.35556
7.33505
7.3285
7.28156
7.23261
7.25941
7.26817
7.2307
7.19763
7.44317
7.39843
7.33732
7.28269
7.39874
7.34126
7.29003
7.31349
7.41219
7.35335
7.32801
7.48701
7.52643
7.46216
7.45655
7.45443
7.39947
7.3456
7.36673
7.36691
7.31245
7.26441
7.39744
7.34817
7.29409
7.28439
7.28545
7.23668
7.19533
7.45208
7.39473
7.34841
7.42418
7.53458
7.46863
7.40662
7.40844
7.65717
7.57959
7.51488
7.57465
7.63088
7.55405
7.51463
7.50953
7.44363
7.38843
7.40875
7.39943
7.3521
7.3039
7.544
7.48747
7.42944
7.40393
7.43715
7.39188
7.35032
7.4099
7.65955
7.59824
7.53708
7.65662
7.58439
7.52055
7.49419
7.49258
7.43583
7.38838
7.53897
7.48238
7.42791
7.40161
7.40577
7.36939
7.32242
7.33628
7.34845
7.31823
7.34803
7.51966
7.45713
7.41169
7.41646
7.56782
7.52049
7.46572
7.49231
7.44965
7.39917
7.35492
7.47044
7.4172
7.3685
7.40636
7.41871
7.36814
7.32818
7.44874
7.40693
7.36163
7.38556
7.44089
7.43909
7.395
7.62871
7.56741
7.51105
7.524
7.52979
7.47746
7.43427
7.60203
7.54181
7.49325
7.44933
7.5709
7.5232
7.46962
7.49107
7.49233
7.45555
7.40768
7.52155
7.46982
7.43306
7.67309
7.67565
7.60709
7.65291
7.74614
7.67808
7.61168
7.70935
7.65214
7.5906
7.57071
7.56912
7.5177
7.47836
7.60947
7.55465
7.49775
7.49011
7.49112
7.44773
7.4175
7.45856
7.53319
7.48619
7.45124
7.5379
7.5494
7.51314
7.55918
7.6611
7.6003
7.55222
7.55234
7.49764
7.4567
7.61856
7.57718
7.5286
7.48238
7.60053
7.55951
7.51222
7.54372
7.54931
7.5122
7.56758
7.81343
7.77609
7.71485
7.74256
7.80717
7.76003
7.73807
7.89656
7.82243
7.75312
7.88232
7.81335
7.75135
7.72319
7.71831
7.66428
7.61675
7.75946
7.70644
7.64436
7.62778
7.65929
7.71698
7.66209
7.69304
7.85646
7.79087
7.79473
7.79163
7.72822
7.67468
7.82324
7.78606
7.72472
7.69956
7.70866
7.66246
7.61551
7.75715
7.70962
7.66128
7.60826
7.71979
7.67126
7.65879
7.71772
7.72016
7.67536
7.6918
7.86541
7.80867
7.7481
7.81307
7.92904
7.86743
7.8665
7.86318
7.79756
7.73765
7.84686
7.78616
7.73287
7.8783
7.81299
7.77448
7.72731
7.79852
7.82972
7.7734
7.93573
7.87571
7.81459
7.81187
7.8047
7.75196
7.70573
7.82817
7.77158
7.73032
7.74802
7.74898
7.69936
7.6631
7.7893
7.7286
7.68829
7.703
7.70434
7.66033
7.68811
7.90709
7.87413
7.81375
7.86668
7.98047
7.90549
7.90952
8.00934
7.94904
7.90063
8.00516
7.93624
7.87089
7.8782
7.87291
7.81901
7.77341
7.77253
7.73387
7.7081
7.84415
7.90711
7.85025
7.85616
8.02573
7.98684
7.95667
7.94878
7.89036
7.83464
7.98159
7.92619
7.86921
7.85723
7.86007
7.82136
7.77486
7.93158
7.88391
7.84879
7.8579
7.8667
7.82452
7.8828
8.12829
8.06337
7.99921
8.15774
8.08693
8.0201
8.04727
8.1697
8.09672
8.07491
8.05877
8.00287
7.98086
8.11717
8.06504
8.00686
8.02323
8.01371
8.02765
8.03179
8.08714
8.07009
8.12567
8.21134
8.27497
8.28551
8.31576
8.23643
8.21212
8.18159
8.12219
8.19431
8.3055
8.23483
8.18061
8.41397
8.32443
8.25355
8.20089
8.17582
8.1141
8.11811
8.40301
8.30653
8.24353
8.2736
8.47332
8.37713
8.3109
8.27994
8.21442
8.14458
8.23572
8.16478
8.09616
8.10646
8.09345
8.02748
7.97051
8.09707
8.03732
7.98458
8.13815
8.1844
8.13983
8.18616
8.39417
8.32029
8.31498
8.2834
8.20932
8.13896
8.24114
8.18195
8.11544
8.25508
8.20343
8.14208
8.14008
8.13111
8.0782
8.02543
8.14033
8.09972
8.10897
8.28391
8.22426
8.1652
8.20667
8.30801
8.23505
8.20086
8.18963
8.1322
8.0855
8.19854
8.14644
8.09743
8.25955
8.19014
8.14038
8.15527
8.15125
8.10403
8.09183
8.13819
8.10423
8.05198
8.12249
8.20806
8.15812
8.16842
8.16223
8.11668
8.07599
8.20698
8.15693
8.09771
8.23357
8.17846
8.12916
8.13583
8.14479
8.10021
8.09241
8.09309
8.04712
8.11715
8.28693
8.28478
8.23029
8.39565
8.33301
8.262
8.28735
8.49789
8.41615
8.41844
8.38556
8.32053
8.28096
8.27033
8.21496
8.16013
8.27587
8.21576
8.15767
8.30893
8.25675
8.21585
8.22207
8.29994
8.24369
8.20244
8.32508
8.25768
8.2085
8.34625
8.29354
8.22939
8.23586
8.23123
8.20101
8.17854
8.18006
8.14951
8.11167
8.26986
8.21403
8.17147
8.33819
8.39326
8.32714
8.34482
8.48453
8.41446
8.37235
8.368
8.30921
8.25139
8.40565
8.3401
8.29142
8.29765
8.28815
8.24966
8.23177
8.24233
8.19766
8.16574
8.28574
8.23934
8.3603
8.50036
8.42735
8.36422
8.39468
8.54417
8.53169
8.56197
8.70376
8.63105
8.64734
8.68732
8.59718
8.55399
8.54041
8.46695
8.39901
8.50106
8.43114
8.37637
8.61541
8.54836
8.48024
8.55605
8.6505
8.56559
8.57045
8.62906
8.54642
8.53554
8.50962
8.44272
8.41272
8.42493
8.36562
8.30913
8.41244
8.35856
8.31036
8.41945
8.3668
8.46913
8.50319
8.7168
8.62565
8.64118
8.72777
8.64748
8.62167
8.60146
8.53537
8.49654
8.4843
8.43081
8.37708
8.49256
8.43458
8.38155
8.50214
8.44623
8.39328
8.54325
8.60077
8.52824
8.55347
8.80806
8.74008
8.85559
8.777
8.68758
8.6615
8.64236
8.57116
8.51228
8.61627
8.54578
8.47934
8.77108
8.69207
8.62261
8.74266
8.66963
8.67065
8.65534
8.70524
8.63344
8.6043
8.70858
8.63293
8.57164
8.67416
8.60526
8.53751
8.65484
8.59308
8.52917
8.66522
8.59771
8.54405
8.54081
8.5327
8.47978
8.45766
8.59449
8.53378
8.5335
8.57082
8.55643
8.50768
8.63215
8.56252
8.5146
8.64445
8.58849
8.52154
8.66245
8.60334
8.5408
8.54811
8.53861
8.48306
8.43457
8.56166
8.50902
8.56615
8.73383
8.66094
8.59089
8.68752
8.61648
8.55783
8.85914
8.7793
8.70743
8.82186
8.74563
8.67539
8.67623
8.61402
8.55355
8.53356
8.53395
8.4803
8.47374
8.58727
8.55184
8.50206
8.5552
8.60857
8.5501
8.66725
8.60536
8.54353
8.66929
8.61129
8.55803
8.70547
8.64582
8.59054
8.60191
8.55049
8.51433
8.50811
8.50487
8.48015
8.59967
8.84622
8.76995
8.75209
9.00139
8.92132
8.86873
8.83196
8.75938
8.69466
8.80525
8.73085
8.66099
8.77318
8.70557
8.64111
8.92767
8.85757
8.79159
8.9477
8.87233
8.78856
8.95414
8.87118
8.80347
8.91999
8.84801
8.77014
8.90534
8.8287
8.76077
8.88663
8.81923
8.74509
8.71937
8.69614
8.64115
8.62074
8.61415
8.56654
8.63925
8.90084
8.82635
8.77352
8.85646
8.78878
8.75917
8.73809
8.67955
8.6231
8.87364
8.80956
8.73324
8.84541
8.78171
8.71848
8.83477
8.76473
8.69876
8.83572
8.93219
8.85591
8.88596
9.12956
9.04256
9.05465
9.08259
8.98527
9.09955
9.01292
8.92419
8.91371
8.89073
8.82111
8.81444
8.78876
8.73767
8.7173
8.70572
8.65561
8.75661
8.89293
8.82876
8.8212
9.05653
8.97112
8.92637
8.9975
8.92906
8.85483
8.95595
8.89213
8.82848
8.9005
8.83395
8.77565
8.86794
8.80573
8.75167
8.84003
8.93847
8.8929
9.04594
8.97178
8.93961
8.9312
8.85794
8.79886
9.03882
8.98156
8.91171
9.16126
9.07791
8.99791
9.1137
9.03286
8.96091
9.07569
8.99798
8.92434
9.05756
9.15344
9.07511
9.11341
9.19595
9.10705
9.22105
9.13043
9.04272
9.02563
9.00483
8.9249
8.88455
8.86718
8.8077
8.79672
8.78521
8.73963
8.69275
8.6903
8.65907
8.74087
8.86141
8.80082
8.79419
8.88944
8.8441
8.79025
9.06068
8.97767
8.91649
8.89971
8.85923
8.81536
8.89147
8.83485
8.78609
8.88363
8.82744
8.77987
8.89743
8.85462
8.8305
8.97105
8.90762
8.84575
8.94564
8.88357
8.83612
8.9634
8.90428
8.84841
8.95294
8.89012
8.83627
8.92361
8.86977
8.82158
8.91922
8.85916
8.92138
9.19238
9.11506
9.04383
9.20666
9.11992
9.03936
9.10691
9.03621
8.9734
9.05153
8.98237
8.93003
9.01268
8.96084
8.90585
8.99276
8.9404
8.91824
8.98694
8.93034
8.92337
9.19123
9.1101
9.05367
9.17233
9.08976
9.02217
9.1101
9.04492
8.98786
9.07841
9.00685
8.95163
9.04633
8.99399
8.93616
9.02489
8.98275
9.03417
9.19836
9.13293
9.09288
9.24031
9.15684
9.11834
9.10467
9.03484
8.9819
9.09472
9.02808
8.99813
8.98758
8.92748
8.88028
8.98706
8.92649
8.88211
9.04863
8.99373
9.03969
9.29733
9.22069
9.17744
9.15206
9.07427
9.02619
9.11196
9.05144
9.00612
9.11188
9.04551
8.98974
9.08343
9.02223
8.98874
8.98617
8.94855
9.02279
9.17968
9.11007
9.07509
9.31272
9.233
9.17508
9.42301
9.34659
9.27142
9.3369
9.26815
9.23242
9.20597
9.13914
9.07986
9.17615
9.10477
9.03992
9.219
9.1679
9.12252
9.27799
9.20286
9.17468
9.16098
9.0954
9.03434
9.14526
9.08382
9.05669
9.04858
8.99465
8.99336
9.00529
8.96155
8.94576
8.96416
8.93711
9.00606
9.14059
9.07871
9.06647
9.28603
9.21226
9.17028
9.40706
9.33432
9.30395
9.28008
9.20916
9.18153
9.17758
9.11666
9.09996
9.10157
9.05982
9.03672
9.11424
9.06359
9.05236
9.11578
9.12234
9.09704
9.09608
9.05521
9.04035
9.04984
9.00316
8.9968
9.00816
8.96773
8.93431
8.95914
8.9291
8.89698
8.92315
8.90226
8.96634
9.12603
9.07558
9.07546
9.33826
9.27396
9.26127
9.3526
9.28376
9.28598
9.25796
9.19364
9.18975
9.20869
9.15218
9.15257
9.1466
9.10009
9.24332
9.33297
9.26318
9.29934
9.54438
9.45809
9.72079
9.62153
9.51872
9.5718
9.47497
9.39562
9.35615
9.28546
9.21813
9.45465
9.37587
9.32724
9.30727
9.25347
9.3258
9.60254
9.5151
9.48404
9.52986
9.455
9.43617
9.5063
9.41788
9.39975
9.37591
9.30997
9.31687
9.32161
9.26123
9.26495
9.24583
9.18571
9.21522
9.30756
9.25067
9.31313
9.53552
9.45786
9.52343
9.43545
9.35162
9.65974
9.57463
9.49543
9.57712
9.49262
9.44939
9.43263
9.35913
9.29945
9.39478
9.33369
9.39641
9.60979
9.53109
9.51453
9.72041
9.63563
9.62264
9.70135
9.60972
9.72847
9.643
9.55767
9.68393
9.59921
9.51337
9.7431
9.63963
9.54935
9.66967
9.71213
9.61539
9.76888
9.76935
9.73559
9.811
9.70603
9.66603
9.74899
9.64502
9.76045
9.67121
9.58543
9.7066
9.6184
9.53504
9.6597
9.59693
9.64477
9.90175
9.84992
9.74022
9.87515
9.76554
9.67658
9.75256
9.6601
9.58676
9.66413
9.57014
9.52015
9.48153
9.41323
9.38916
9.36744
9.30715
9.26399
9.464
9.50799
9.48812
9.74998
9.67026
9.63836
9.61531
9.53399
9.54046
9.4625
9.40247
9.65603
9.58661
9.50844
9.61231
9.53682
9.47564
9.55635
9.49947
9.55551
9.72615
9.63827
9.6452
9.72583
9.63249
9.74385
9.67128
9.59428
9.71662
9.63011
9.55293
9.79188
9.7094
9.63261
9.84792
9.74395
9.66189
9.78595
9.70786
9.64397
9.927
9.82689
9.79809
9.74641
9.66939
9.6444
9.61376
9.54265
9.54634
9.49181
9.43006
9.56842
9.50609
9.44224
9.57435
9.51378
9.56569
9.66839
9.62191
9.61591
9.69798
9.61672
9.59507
9.57561
9.50441
9.50257
9.51822
9.46482
9.63002
9.56697
9.50054
9.62141
9.55755
9.48683
9.62245
9.68754
9.61624
9.67925
9.90269
9.80799
9.86758
9.7753
9.68822
9.72722
9.65701
9.60923
9.5817
9.50959
9.47697
9.46156
9.40498
9.38476
9.38654
9.35182
9.4584
9.4916
9.44248
9.47289
9.55305
9.51013
9.56531
9.54894
9.48922
9.55342
9.50741
9.49679
9.49057
9.43081
9.40946
9.41142
9.36805
9.39081
9.5608
9.50069
9.54339
9.68546
9.61753
9.73359
9.66232
9.59385
9.85961
9.77155
9.70284
9.78235
9.70168
9.65741
9.63155
9.56419
9.56174
9.55711
9.51649
9.55646
9.65552
9.59473
9.62937
9.71747
9.6519
9.76803
9.70318
9.62872
9.7185
9.64505
9.58964
9.59525
9.53745
9.5248
9.52995
9.48289
9.4977
9.5915
9.5322
9.58491
9.85352
9.78291
10.0139
9.91437
9.84126
9.92967
9.84155
9.80005
9.76702
9.69323
9.68629
9.67631
9.61238
9.62144
9.61037
9.5803
9.73505
9.79076
9.75324
9.8755
9.78854
9.71951
9.87088
9.80067
9.7306
9.82391
9.75401
9.72519
9.7062
9.65145
9.6726
9.65705
9.61724
9.75589
9.81394
9.74675
9.82011
10.078
10.029
9.98151
9.88523
9.83069
9.79216
9.72195
9.71738
9.70357
9.64294
9.6539
9.59921
9.55613
9.6924
9.64658
9.7002
9.88287
9.79362
9.76588
9.904
9.83436
9.82703
9.80934
9.74189
9.88196
9.80743
9.73552
9.87418
9.79153
9.72547
9.83015
9.75372
9.68458
9.86057
9.7798
9.78949
10.04
9.95221
9.93015
9.86114
9.78714
9.92449
9.85587
9.78734
10.0155
9.92605
9.84956
9.94492
9.87836
9.84165
9.80621
9.73485
9.7635
9.95518
9.87653
9.92781
10.0032
9.92538
10.1325
10.0387
9.98593
9.94733
9.86099
9.84765
9.82491
9.75836
9.7592
9.74574
9.68963
9.82933
9.7741
9.75773
9.99069
10.0045
9.92381
10.1531
10.0608
10.0087
9.9675
9.89565
9.89177
9.86901
9.79741
9.93639
9.87681
9.80989
10.0387
9.96513
9.88232
9.9796
9.92219
9.91238
9.97701
9.89701
9.91085
9.99599
9.91281
10.0456
9.96618
9.89249
10.1146
10.0249
9.9695
9.95606
9.87876
9.86837
9.83849
9.79263
9.85359
9.95234
9.87072
9.9334
10.0302
9.94696
10.0258
9.94318
9.92511
9.89164
9.82335
9.83089
9.83173
9.76646
9.89417
9.83098
9.76682
9.89909
9.95446
9.94449
10.1952
10.0989
10.2009
10.118
10.0297
10.1373
10.0461
9.96046
10.1649
10.078
9.99446
10.0762
9.99059
9.9151
9.89968
9.845
9.91813
10.0831
9.99683
10.0817
9.99998
9.92008
9.99875
9.9246
9.91716
9.89646
9.83061
9.84206
9.84057
9.78341
10.0786
9.99978
9.92054
10.1029
10.0776
10.0548
10.1497
10.0604
10.1725
10.0801
10.0124
10.2462
10.1475
10.057
10.2097
10.1175
10.0843
10.003
10.2175
10.1267
10.0455
10.0176
10.2492
10.1582
10.1244
10.1489
10.2948
10.2908
10.2326
10.1456
10.3509
10.2517
10.1547
10.2293
10.1331
10.0826
10.0398
9.97421
10.0866
10.1934
10.0973
10.1485
10.3906
10.3186
10.2724
10.1764
10.1224
10.0958
10.0177
10.0119
9.98263
9.91183
10.1434
10.0723
9.9991
10.0919
10.012
9.97524
10.0624
9.99063
10.0174
10.2574
10.1596
10.3688
10.2703
10.1817
10.2495
10.1552
10.0947
10.0695
9.98908
10.1009
10.0259
9.95453
10.1842
10.1042
10.1517
10.3008
10.1906
10.1511
10.2254
10.1415
10.24
10.171
10.082
10.2931
10.1977
10.1101
10.1841
10.0938
10.0498
10.0322
9.95504
9.96603
10.105
10.0284
10.0543
10.296
10.2364
10.2003
10.1113
10.0617
10.0287
9.95978
9.95099
9.96118
9.90311
10.0439
9.97458
9.91666
10.195
10.1211
10.2077
10.3666
10.2678
10.2711
10.4544
10.3446
10.532
10.4139
10.3156
10.3758
10.2847
10.2449
10.2086
10.1336
10.2306
10.145
10.0666
10.3584
10.2906
10.2298
10.4908
10.3951
10.4938
10.3839
10.2766
10.5395
10.4328
10.3289
10.3911
10.2913
10.2544
10.2071
10.1291
10.2448
10.1787
10.1853
10.3704
10.2704
10.2473
10.2102
10.125
10.2297
10.1783
10.0997
10.2
10.1286
10.0609
10.1763
10.0985
10.0294
10.0184
9.95222
9.95485
10.0679
10.0636
10.2729
10.22
10.2537
10.3221
10.2367
10.3272
10.2349
10.1513
10.4381
10.3446
10.2538
10.3315
10.2447
10.2124
10.1763
10.1689
10.4109
10.3406
10.2611
10.4869
10.4887
10.4387
10.3697
10.2748
10.2457
10.3251
10.2316
10.5032
10.3987
10.329
10.2818
10.2075
10.1831
10.3138
10.2224
10.2664
10.3483
10.2864
10.3328
10.2486
10.225
10.1797
10.1091
10.2266
10.1589
10.086
10.322
10.2367
10.1551
10.2353
10.1609
10.2603
10.2593
10.1713
10.2212
10.2841
10.2264
10.4646
10.3738
10.3399
10.2925
10.2059
10.3285
10.2512
10.1849
10.4542
10.3619
10.2969
10.3122
10.236
10.2369
10.3112
10.2342
10.4491
10.3564
10.2724
10.4783
10.3804
10.3434
10.3035
10.2219
10.3139
10.2374
10.1669
10.2585
10.1843
10.2662
10.4251
10.3318
10.3677
10.5602
10.4567
10.5211
10.4301
10.3915
10.3419
10.2663
10.3826
10.3097
10.2345
10.5161
10.4164
10.3602
10.4444
10.3623
10.3524
10.5811
10.4815
10.7322
10.6152
10.5307
10.4701
10.379
10.3593
10.3063
10.2388
10.4672
10.3784
10.2893
10.3669
10.2981
10.3878
10.6089
10.507
10.5332
10.5162
10.4433
10.3893
10.3007
10.2805
10.2518
10.1933
10.4269
10.3498
10.2671
10.3387
10.2701
10.2611
10.3649
10.2784
10.5414
10.5805
10.5106
10.4497
10.3654
10.3429
10.3042
10.2318
10.4539
10.3686
10.2818
10.3593
10.281
10.2628
10.2501
10.2239
10.4611
10.4963
10.41
10.4716
10.3855
10.3493
10.3252
10.247
10.388
10.3161
10.2463
10.3385
10.2627
10.2198
10.186
10.1233
10.3922
10.4169
10.3406
10.6051
10.5022
10.4559
10.404
10.3232
10.5394
10.4543
10.3754
10.4439
10.3641
10.3412
10.3105
10.2384
10.4747
10.3911
10.4233
10.3943
10.5914
10.6161
10.5134
10.4168
10.6382
10.546
10.4848
10.5564
10.4594
10.5785
10.4891
10.3991
10.6862
10.5834
10.5171
10.5454
10.4471
10.4861
10.736
10.6372
10.6922
10.5792
10.5164
10.4712
10.3864
10.5021
10.4237
10.3434
10.6234
10.5364
10.478
10.451
10.405
10.5296
10.5737
10.4767
10.5282
10.5175
10.4616
10.4204
10.3417
10.4579
10.3879
10.3114
10.603
10.5138
10.4664
10.4283
10.3515
10.595
10.6307
10.5788
10.841
10.7204
10.8167
10.7075
10.6065
10.8505
10.7397
10.6709
10.6237
10.5217
10.4807
10.4431
10.3643
10.5896
10.5146
10.5785
10.6446
10.5458
10.5482
10.7376
10.6362
10.7049
10.5975
10.5608
10.5436
10.4539
10.5742
10.4972
10.4311
10.6889
10.5988
10.5342
10.5406
10.4897
10.506
10.5731
10.4847
10.7463
10.64
10.6012
10.5551
10.46
10.5754
10.4823
10.3998
10.6683
10.5841
10.5246
10.4697
10.4392
10.5544
10.5932
10.5085
10.6856
10.5882
10.5725
10.5174
10.4358
10.4325
10.4124
10.375
10.3626
10.2967
10.3063
10.297
10.2301
10.5024
10.47
10.4822
10.7369
10.6413
10.7453
10.6498
10.5469
10.8178
10.7086
10.6356
10.586
10.4966
10.4934
10.4674
10.3982
10.6788
10.5935
10.6597
10.6037
10.5135
10.5506
10.6277
10.5399
10.6209
10.5342
10.5162
10.4826
10.4028
10.6233
10.6229
10.5582
10.5083
10.4223
10.4165
10.4952
10.4187
10.6613
10.6833
10.6263
10.5874
10.4949
10.6144
10.5353
10.4515
10.718
10.6352
10.5795
10.5395
10.4595
10.5788
10.4995
10.5084
10.6233
10.5439
10.5309
10.764
10.6707
10.7003
10.7651
10.7007
10.6544
10.5747
10.5767
10.5424
10.4777
10.6956
10.6072
10.5258
10.6731
10.6104
10.6693
10.733
10.6477
10.7213
10.6298
10.6172
10.5883
10.513
10.6372
10.562
10.4843
10.5693
10.485
10.4501
10.4403
10.4629
10.6833
10.6357
10.5988
10.8547
10.7456
10.712
10.6551
10.5614
10.8242
10.7267
10.6649
10.6386
10.5594
10.5803
10.553
10.4809
10.7556
10.6909
10.6276
10.8964
10.7939
10.9761
10.8701
10.7714
10.8279
10.7281
10.6926
10.6629
10.5764
10.7962
10.6994
10.6272
10.6021
10.5474
10.6836
10.7017
10.6143
10.6783
10.6796
10.6534
10.6121
10.5401
10.771
10.6863
10.6014
10.586
10.5167
10.5072
10.482
10.4213
10.6912
10.616
10.5756
10.8516
10.7501
10.7364
10.9531
10.8523
10.7561
10.7879
10.8963
10.7912
10.7022
10.8214
10.7226
10.6707
10.5925
10.7895
10.8404
10.8882
10.8171
11.02
10.9037
10.9049
10.7975
10.8991
10.8596
10.7604
10.8725
10.7769
10.6905
10.9591
10.8573
10.7927
10.8431
10.7517
10.777
11.0141
10.9584
10.8945
10.7889
10.8851
10.7876
10.6947
10.9607
10.8649
10.9604
10.8481
10.7515
10.9643
10.8671
10.9127
10.9753
10.8774
10.8893
10.947
10.8441
10.913
10.8046
10.7576
10.7224
10.643
10.8688
10.7831
10.7245
10.7029
10.6233
10.7478
10.8353
10.7767
10.952
10.8949
10.8998
11.1172
10.9985
11.1679
11.0424
11.0022
10.9424
10.8369
11.0339
10.9188
10.8336
10.7926
10.7218
10.8055
10.8737
10.8028
11.0221
11.0584
11.1471
11.0235
10.929
11.1737
11.0479
11.1274
11.0303
10.9253
11.1173
11.0028
10.9264
11.0331
10.9286
10.9649
11.1972
11.1048
11.038
10.9282
11.022
10.9303
10.8342
11.1013
10.9887
10.9101
10.8721
10.7925
10.9924
10.9077
10.9537
11.1059
10.9954
11.0913
10.978
10.8927
10.9719
10.873
10.8475
10.7776
10.7314
10.711
10.6413
10.7675
10.7058
10.6326
10.8033
10.7334
10.7496
10.976
10.8733
10.9375
10.8489
10.8228
10.7791
10.7104
10.9345
10.8464
10.7931
10.7664
10.6877
10.8158
10.7437
10.793
10.9751
10.8781
10.889
11.0852
10.9825
11.034
10.9401
10.909
10.9802
10.884
10.7968
10.9313
11.0561
10.9548
10.8694
11.1799
11.1031
11.0924
11.1415
11.0377
11.2038
11.0838
11.0438
10.9966
10.8927
11.1485
11.0445
10.9994
10.9511
10.8723
11.1026
11.0268
11.0933
11.3404
11.2153
11.4432
11.3147
11.2454
11.1701
11.0616
11.1575
11.0541
10.9616
10.9199
10.8327
10.8171
10.7827
10.7256
11.0453
10.9674
10.9598
11.1638
11.0617
11.3193
11.1898
11.1439
11.0885
10.9822
11.2019
11.0929
11.0197
10.9769
10.8903
11.0946
11.018
11.0625
11.2134
11.1015
11.1177
11.0673
10.977
10.9407
10.8546
10.8454
10.8174
10.7488
10.8358
10.7602
10.891
10.8226
10.7441
10.91
10.826
10.8389
10.9252
10.8406
10.9287
10.8448
10.8268
10.7991
10.7203
10.9502
10.8815
10.8629
10.8449
10.7738
10.9005
10.833
10.9143
10.9425
10.8575
10.8944
10.9762
10.8868
10.9628
10.8823
11.0042
10.9203
10.8382
11.1011
11.0113
10.9848
10.9594
10.8726
11.1339
11.1412
11.1509
11.2116
11.1021
11.3481
11.228
11.1671
11.117
11.0205
11.2197
11.1145
11.0158
11.0855
10.981
11.1918
11.1246
11.0622
11.308
11.2086
11.2412
11.2437
11.1869
11.142
11.0427
11.1504
11.0524
10.9691
11.032
10.9511
11.1809
11.0777
10.9781
11.138
11.0436
11.055
11.3141
11.2055
11.284
11.1703
11.2646
11.156
11.0648
11.3121
11.1912
11.1492
11.1076
11.0173
11.2341
11.2012
11.1676
11.1527
11.0688
11.1027
11.2905
11.2243
11.1646
11.0654
11.1691
11.0739
10.9856
11.0715
10.9809
11.0933
11.0092
10.9306
11.1649
11.0663
11.1079
11.1858
11.1581
11.1056
11.0048
11.2253
11.1252
11.0247
11.0969
11.002
11.1082
11.0192
10.9405
11.0189
11.0682
11.1778
11.2114
11.1537
11.2049
11.1098
11.2291
11.1459
11.0492
11.0031
10.9259
11.0475
10.9761
10.8982
10.9869
10.9087
11.0407
11.124
11.0457
11.2148
11.13
11.2318
11.1329
11.0477
11.1172
11.0303
11.1307
11.042
10.9685
11.0558
10.9683
11.0859
11.0111
11.0612
11.2984
11.1864
11.1903
11.2445
11.1388
11.2002
11.1049
11.2103
11.1151
11.0276
11.2939
11.195
11.1593
11.1186
11.0366
11.3573
11.2503
11.2859
11.3488
11.2411
11.2991
11.191
11.2929
11.1868
11.0917
11.1551
11.0701
11.0454
11.0165
10.945
11.2255
11.2509
11.2572
11.3544
11.2453
11.4092
11.2958
11.5009
11.388
11.3101
11.2666
11.1737
11.2724
11.1847
11.0976
11.1615
11.067
11.2075
11.2695
11.2198
11.3938
11.2819
11.4816
11.3609
11.2835
11.2419
11.1461
11.2587
11.1817
11.0999
11.1664
11.0859
11.2
11.1878
11.1028
11.4188
11.3185
11.4034
11.3051
11.2119
11.2741
11.1785
11.2779
11.2053
11.1161
11.1892
11.1103
11.2248
11.1333
11.0598
11.2764
11.184
11.1863
11.4558
11.347
11.2998
11.2048
11.3148
11.2246
11.1378
11.2026
11.1223
11.2344
11.1526
11.0667
11.1429
11.2072
11.242
11.475
11.4219
11.3569
11.2597
11.464
11.3518
11.284
11.2338
11.1358
11.3374
11.2375
11.1493
11.219
11.1277
11.2429
11.2887
11.229
11.5261
11.4029
11.5992
11.4792
11.4068
11.3615
11.2688
11.4633
11.3508
11.2563
11.2203
11.1411
11.2566
11.2555
11.1995
11.5037
11.3911
11.6422
11.5177
11.4301
11.3617
11.2659
11.5504
11.4326
11.3895
11.3548
11.2523
11.5245
11.4144
11.3765
11.3751
11.2782
11.3639
11.3078
11.2941
11.286
11.1921
11.47
11.3562
11.4467
11.348
11.2452
11.5135
11.4143
11.518
11.4561
11.4269
11.5609
11.4422
11.5268
11.4143
11.3131
11.2692
11.1765
11.2957
11.2145
11.1277
11.2038
11.1312
11.2489
11.1624
11.0953
11.0508
11.1076
11.1087
11.09
11.0182
11.3381
11.249
11.2263
11.492
11.3934
11.6422
11.5403
11.6384
11.5228
11.4062
11.452
11.5064
11.5431
11.5928
11.5086
11.76
11.6233
11.8667
11.726
11.6624
11.5946
11.4744
11.6764
11.5548
11.5025
11.4473
11.3454
11.6233
11.5006
11.4368
11.649
11.5324
11.5726
11.4567
11.6461
11.5492
11.4614
11.4093
11.3155
11.5231
11.4214
11.3614
11.3361
11.3895
11.4368
11.3907
11.3696
11.4491
11.3588
11.4314
11.3359
11.4549
11.3564
11.3025
11.2681
11.1897
11.3073
11.2318
11.1997
11.3039
11.2254
11.3063
11.518
11.4774
11.4225
11.3267
11.5946
11.4959
11.4492
11.3943
11.3002
11.3588
11.2674
11.3823
11.3186
11.257
11.5271
11.4407
11.4591
11.4975
11.4635
11.4146
11.3159
11.5517
11.4451
11.4178
11.3698
11.2848
11.5617
11.4593
11.4505
11.3684
11.29
11.5506
11.442
11.4181
11.4717
11.3713
11.4202
11.3163
11.2943
11.2576
11.1897
11.2705
11.1941
11.3186
11.2912
11.2432
11.2107
11.2733
11.3259
11.407
11.3812
11.3682
11.2839
11.5622
11.463
11.4164
11.3825
11.2972
11.5585
11.466
11.4552
11.496
11.402
11.5822
11.4947
11.592
11.4858
11.4184
11.3776
11.3069
11.4068
11.3275
11.2768
11.2583
11.1836
11.3054
11.2976
11.2339
11.5412
11.4471
11.7096
11.6024
11.5577
11.51
11.42
11.6692
11.5557
11.6473
11.5436
11.4444
11.5164
11.4169
11.5146
11.467
11.3993
11.3945
11.3077
11.3137
11.3944
11.3371
11.3095
11.2377
11.3477
11.2782
11.2278
11.2098
11.1419
11.256
11.3211
11.3301
11.5958
11.4986
11.7386
11.6295
11.7148
11.605
11.5072
11.5761
11.4769
11.5832
11.4835
11.423
11.3936
11.3161
11.3951
11.4907
11.4326
11.6269
11.526
11.6394
11.5326
11.4981
11.4614
11.3718
11.6408
11.5501
11.5195
11.4697
11.3871
11.5099
11.4287
11.4685
11.5327
11.4679
11.4276
11.3461
11.5547
11.465
11.4359
11.4154
11.334
11.6189
11.5189
11.6266
11.5311
11.4415
11.5473
11.4667
11.5922
11.6142
11.5437
11.4978
11.4037
11.6137
11.5219
11.492
11.4571
11.3774
11.6632
11.549
11.5154
11.4888
11.4791
11.7703
11.795
11.8146
11.7425
11.6883
11.6395
11.5474
11.8055
11.6999
11.638
11.806
11.717
11.653
11.5442
11.6341
11.7345
11.7346
11.9281
11.8023
11.8355
11.7135
11.7921
11.7076
11.5958
11.6649
11.5652
11.77
11.6518
11.607
11.5518
11.4657
11.754
11.6394
11.5885
11.8674
11.7776
11.8107
11.6942
11.8919
11.7799
11.7029
11.6493
11.549
11.8201
11.7179
11.6642
11.7857
11.6954
11.8268
11.715
11.8898
11.7729
11.695
11.6369
11.5348
11.745
11.6467
11.5748
11.5407
11.4481
11.7191
11.6087
11.5689
11.6897
11.5899
11.7383
11.6416
11.7312
11.6476
11.5742
11.5371
11.453
11.7352
11.6311
11.5931
11.5489
11.4596
11.539
11.4663
11.5466
11.5243
11.5078
11.788
11.6831
11.7165
11.7653
11.8489
11.7416
11.6369
11.6932
11.5833
11.6773
11.5873
11.534
11.651
11.5496
11.6228
11.8046
11.8813
11.7733
11.6661
11.7208
11.621
11.8425
11.7338
11.669
11.6269
11.5401
11.8129
11.7321
11.7884
11.8855
11.7841
12.0259
11.8909
12.1419
12.0009
11.9317
11.8194
11.7047
11.7525
11.6471
11.7513
11.6524
11.5882
11.6644
11.577
11.6472
11.6958
11.6476
11.6026
11.5139
11.7627
11.6575
11.7425
11.6529
11.5616
11.5268
11.4661
11.7307
11.6478
11.7034
11.7737
11.6789
11.8965
11.7749
11.7832
11.7727
11.7297
11.6867
11.5856
11.842
11.7334
11.8203
11.7252
11.6497
11.7584
11.6596
11.7218
11.7596
11.7024
11.6569
11.563
11.8445
11.7508
11.8363
11.74
11.6695
11.6236
11.5307
11.8142
11.7288
11.7989
11.8188
11.7119
11.8061
11.7181
11.7623
11.7162
11.6844
11.6772
11.5882
11.8497
11.7489
11.8323
11.7327
11.6332
11.7302
11.6367
11.6539
11.8785
11.96
11.8473
11.7306
11.9938
11.8763
11.9541
11.8521
11.7556
11.8125
11.7175
11.9119
11.8211
11.8566
11.9953
11.8765
12.0298
11.9264
12.0988
11.9643
12.0343
11.9135
11.7962
12.0483
11.9201
11.9939
11.8719
11.7597
11.907
11.8326
11.8934
12.0685
12.1377
12.0177
11.8962
11.942
11.8295
11.9249
11.8236
11.7492
11.7015
11.6152
11.9061
11.8007
12.0406
12.0947
12.047
12.3319
12.2109
12.2374
12.0956
12.1236
12.278
12.1867
12.109
11.9779
12.2326
12.1093
12.1642
12.2651
12.1885
12.2124
12.0777
12.2033
12.0815
12.2564
12.1232
12.0248
11.9581
11.8528
12.1086
11.9856
12.0537
11.941
11.9819
12.1116
11.9769
11.9727
11.9179
12.0054
11.8926
11.7838
12.0478
11.9314
12.1299
12.0239
11.9711
11.9118
11.8087
12.1009
11.9896
11.9819
12.1821
12.0745
11.9965
11.8825
12.15
12.0208
12.0919
11.9818
11.8804
11.9331
11.8332
12.0305
11.9256
11.9844
12.0643
11.9447
12.0692
11.9516
12.1384
12.0246
11.9675
11.9078
11.8032
12.062
11.9512
12.0238
11.9119
11.8125
12.0006
11.8768
11.9316
12.1506
12.2364
12.1017
11.9801
12.0235
11.904
11.9957
11.894
11.8297
11.7798
11.6942
11.9648
11.9
11.9944
12.0082
11.9346
12.1468
12.0239
12.2655
12.1298
12.1987
12.0748
11.9591
12.0055
11.8941
12.1628
12.0328
12.125
12.1724
12.0836
12.2559
12.1152
12.3422
12.2069
12.2738
12.1434
12.0214
11.9628
11.8581
12.1231
12.0003
11.9535
11.9061
11.9584
12.2329
12.1006
12.3452
12.2104
12.1373
12.0702
11.9572
12.0098
11.904
12.1085
11.9947
11.9526
11.895
11.7943
12.1138
12.035
12.0454
12.2153
12.1518
12.0682
11.9447
12.0433
11.9409
12.0394
11.9335
11.8601
11.8205
11.7341
12.0219
11.9425
12.0006
12.0394
11.934
12.1837
12.0584
12.236
12.1186
12.043
11.9913
11.8878
12.144
12.0301
12.1114
12.0075
11.941
12.058
11.9483
12.0119
11.9936
12.0807
11.98
11.9159
11.8626
11.7712
12.042
11.9439
12.0383
11.9363
11.8323
11.8911
11.8749
12.1358
12.1783
12.2579
12.1399
12.0222
12.0717
11.9643
12.1752
12.0555
12.0091
11.9608
11.863
12.1339
12.023
12.2179
12.2094
12.1554
12.409
12.2739
12.4975
12.3417
12.488
12.3389
12.398
12.2619
12.1355
12.1706
12.0476
12.2428
12.1138
12.1976
12.3813
12.2462
12.3607
12.2241
12.4502
12.3233
12.3857
12.2506
12.1189
12.1527
12.0545
12.2509
12.1282
12.0718
12.1202
12.039
12.1843
12.0658
12.3157
12.1925
12.143
12.0934
11.991
12.0397
11.9437
12.143
12.035
11.9889
11.9445
11.8658
11.808
11.7262
11.7092
12.0272
11.9354
12.096
11.9834
12.2449
12.1311
12.2072
12.0983
11.9958
12.0524
11.9534
12.2237
12.2736
12.229
12.5118
12.4246
12.3327
12.1946
12.4382
12.2999
12.3505
12.2287
12.1402
12.08
11.9746
12.2393
12.1258
12.265
12.1619
12.0763
12.0639
11.9937
12.0155
11.9657
12.0725
11.9786
11.8892
11.9684
11.8808
12.1456
12.0382
12.1389
12.1264
12.033
12.31
12.1945
12.2386
12.2053
12.2937
12.1723
12.121
12.0699
11.973
12.2326
12.1312
12.2083
12.1051
12.0611
12.1585
12.0631
12.1122
12.1199
12.0909
12.1348
12.0996
11.994
12.2355
12.1783
12.0668
12.3308
12.2171
12.3045
12.2451
12.1737
12.4577
12.3184
12.3765
12.2496
12.2005
12.0906
12.3442
12.2788
12.1578
12.4048
12.2803
12.4641
12.3314
12.2666
12.3475
12.2222
12.2973
12.3161
12.5525
12.4123
12.3445
12.3817
12.2521
12.2896
12.1756
12.4259
12.3028
12.3752
12.3631
12.2535
12.5189
12.3831
12.6106
12.4671
12.5165
12.3874
12.2689
12.2989
12.1723
12.4254
12.2948
12.3438
12.2377
12.1815
12.4682
12.332
12.4703
12.345
12.5709
12.4386
12.3775
12.299
12.1893
12.231
12.1272
12.3911
12.2679
12.3316
12.3911
12.3675
12.5783
12.4305
12.4407
12.3088
12.4823
12.3514
12.2962
12.2301
12.1206
12.3692
12.2652
12.4644
12.3423
12.2933
12.3921
12.3341
12.5726
12.4382
12.6785
12.5251
12.7024
12.55
12.4731
12.4011
12.2792
12.3112
12.2031
12.4627
12.3549
12.4305
12.3736
12.3078
12.563
12.429
12.6345
12.4916
12.716
12.5734
12.6152
12.4774
12.3484
12.3793
12.2594
12.5115
12.5225
12.5308
12.5425
12.4544
12.3815
12.2726
12.3039
12.1855
12.4389
12.3176
12.271
12.2244
12.1222
12.192
12.1213
12.4177
12.3054
12.3
12.3388
12.2261
12.274
12.1657
12.4292
12.3212
12.4032
12.2953
12.184
12.2284
12.1275
12.4092
12.3287
12.4039
12.4809
12.4549
12.5117
12.3895
12.528
12.4045
12.6412
12.5002
12.5662
12.4366
12.3158
12.3587
12.317
12.5711
12.4642
12.4372
12.607
12.5062
12.4331
12.3061
12.574
12.4414
12.4981
12.3754
12.2946
12.2487
12.1433
12.4674
12.3779
12.4904
12.5624
12.6079
12.4776
12.356
12.4
12.2837
12.5452
12.4235
12.4974
12.3848
12.3048
12.2645
12.199
12.4781
12.3518
12.5528
12.4235
12.3428
12.2831
12.1822
12.4449
12.3274
12.5673
12.4347
12.3692
12.3146
12.2086
12.3386
12.2379
12.2752
12.5051
12.5578
12.4393
12.3716
12.3073
12.2105
12.4763
12.3669
12.6037
12.4835
12.42
12.3551
12.373
12.6238
12.4974
12.5418
12.4901
12.7242
12.5829
12.6479
12.5291
12.4069
12.4476
12.322
12.5726
12.4513
12.528
12.5914
12.4957
12.7209
12.576
12.831
12.6763
12.8941
12.7325
12.6462
12.5548
12.4264
12.6822
12.5405
12.7659
12.6364
12.7845
12.7832
12.6778
12.7391
12.6171
12.6372
12.5038
12.7419
12.5964
12.6511
12.5232
12.394
12.3283
12.22
12.5693
12.4369
12.5319
12.5522
12.6141
12.476
12.3698
12.5628
12.438
12.6725
12.543
12.6035
12.4673
12.3604
12.3935
12.3916
12.6645
12.5273
12.4804
12.5169
12.4512
12.388
12.2808
12.5393
12.4121
12.6478
12.5219
12.4641
12.4108
12.2988
12.5053
12.4198
12.4931
12.4623
12.6449
12.5111
12.4576
12.4017
12.2857
12.3327
12.2426
12.4935
12.3755
12.4591
12.3746
12.4446
12.716
12.5842
12.6072
12.4732
12.7144
12.5722
12.6257
12.5067
12.4259
12.3661
12.2596
12.5303
12.4083
12.4885
12.5589
12.5783
12.5963
12.4727
12.5031
12.3859
12.6329
12.5182
12.5849
12.4712
12.3648
12.4142
12.3062
12.5689
12.4626
12.7134
12.5812
12.5437
12.5736
12.4497
12.6602
12.5383
12.783
12.652
12.7102
12.5797
12.4897
12.4236
12.3216
12.5926
12.6697
12.6957
12.6218
12.8049
12.6692
12.5661
12.4939
12.3756
12.6297
12.5133
12.7028
12.5785
12.6354
12.5229
12.4519
12.5187
12.4125
12.7138
12.579
12.6497
12.5385
12.4868
12.4325
12.3284
12.377
12.276
12.5215
12.4086
12.4942
12.4713
12.4198
12.6632
12.5373
12.5805
12.4648
12.72
12.5904
12.6569
12.5396
12.4882
12.4357
12.3363
12.3947
12.3175
12.6617
12.5385
12.6453
12.7105
12.7828
12.6595
12.5804
12.4987
12.3818
12.6347
12.5231
12.5815
12.4715
12.4144
12.4169
12.3282
12.6187
12.5043
12.7491
12.6185
12.6811
12.5677
12.5222
12.465
12.3601
12.413
12.3116
12.5774
12.4625
12.5886
12.4708
12.4321
12.5116
12.4058
12.454
12.3483
12.6312
12.5139
12.6944
12.5706
12.5099
12.455
12.3498
12.4181
12.4664
12.4915
12.7038
12.8756
12.7322
12.656
12.5832
12.4681
12.532
12.4157
12.6652
12.5575
12.6145
12.4991
12.4391
12.5409
12.4238
12.6656
12.5625
12.8086
12.6734
12.7268
12.6122
12.555
12.4994
12.3892
12.4434
12.3466
12.6102
12.6432
12.6385
12.5696
12.6755
12.6833
12.6251
12.5495
12.4433
12.7087
12.5908
12.8411
12.7059
12.7725
12.643
12.5431
12.4792
12.3768
12.44
12.4189
12.5118
12.519
12.4527
12.3968
12.3055
12.3638
12.2888
12.5729
12.4633
12.4361
12.5415
12.5636
12.738
12.6734
12.5592
12.7287
12.9052
12.7609
13.0022
12.8544
13.0714
12.9143
12.9703
12.8214
12.7211
12.892
12.7894
12.9915
12.8417
13.0628
12.9143
12.9628
12.8176
12.7451
12.665
12.546
12.5871
12.4791
12.7421
12.7691
12.774
12.8389
12.8127
12.8189
12.7572
12.6742
12.568
12.8248
12.7027
12.9406
12.8134
12.8751
12.742
12.6752
12.7604
12.6448
12.7882
12.6839
12.9209
12.7905
12.9699
12.8249
12.9025
12.7802
12.693
12.6198
12.5199
12.5816
12.6652
12.744
12.677
12.9223
12.7952
12.86
12.7398
12.6768
12.6245
12.5179
12.5604
12.4604
12.7324
12.6152
12.7147
12.7122
12.7376
12.7634
12.6788
12.609
12.5009
12.7587
12.6506
12.8308
12.7052
12.6456
12.5961
12.5205
12.4626
12.5836
12.7744
12.6834
12.7422
12.9495
13.1764
13.0108
13.0663
12.9172
12.8383
12.7745
12.6537
12.689
12.5778
12.8783
12.7406
12.7445
12.7869
12.7595
12.7516
12.6629
12.608
12.4991
12.7874
12.6643
12.9224
12.7921
12.8551
12.8293
12.7599
12.9728
12.8261
12.9665
12.8303
13.0648
12.9193
13.1558
12.9999
12.9193
12.8346
12.7402
12.686
12.5806
12.9233
12.7875
12.8016
12.84
13.0064
12.8667
12.9312
12.806
12.7099
12.6618
12.5564
12.8144
12.6967
12.7701
12.8541
12.8166
12.9025
12.8494
13.0159
12.8794
12.9018
12.7741
13.0163
12.8907
12.9721
12.8292
12.765
12.6927
12.5906
12.7876
12.6958
12.923
12.8043
13.0365
12.8891
13.1145
12.9872
13.0368
12.9015
12.8289
12.7619
12.6406
12.6815
12.7362
12.8283
12.7039
12.7802
12.727
12.7975
12.7001
12.6555
12.6011
12.5168
12.5706
12.4747
12.7396
12.6386
12.9556
12.8262
12.8572
12.8769
12.8223
12.7661
12.6457
12.7002
12.5998
12.8518
12.7357
12.9742
12.8426
12.7842
12.7381
12.7566
12.9611
12.827
13.0016
12.864
13.1065
12.9819
13.2108
13.0621
13.1104
12.9827
12.8739
12.7915
12.6783
12.9927
12.8626
12.9285
12.954
12.9452
12.9278
12.876
12.7951
12.7271
12.684
12.5806
12.8411
12.7325
12.9925
12.9482
12.9098
12.9398
12.8699
12.896
12.7898
12.722
12.6219
12.8217
12.7089
12.6879
12.8699
12.8218
12.7076
12.6087
12.74
12.6719
12.9229
12.8086
12.8634
12.7471
13.0018
12.8711
13.1187
12.9776
13.0308
12.9109
12.8376
12.7804
12.8095
13.0996
12.9599
13.175
13.0408
13.2638
13.1121
13.1689
13.0257
12.9472
12.8698
12.752
12.8007
12.6898
13.0009
12.8647
12.9031
13.091
13.1271
12.9815
12.9101
12.843
12.7347
12.7798
12.6775
12.9413
12.8243
13.0774
13.0567
13.0609
13.0722
13.0026
12.9141
12.7991
12.8473
12.7353
12.9939
12.8698
13.1035
12.9828
13.0544
12.925
12.8594
12.9939
12.8772
13.1619
13.0184
13.0524
12.9192
13.155
13.0214
13.2401
13.0944
13.0265
12.9501
12.8536
12.7884
12.8534
13.0901
12.9595
13.1878
13.0509
13.2851
13.1383
13.1727
13.0452
12.9565
12.8888
12.7751
12.8146
12.7339
13.0296
12.9034
12.9503
12.8802
12.9715
12.8501
12.8066
12.7441
12.6442
12.699
12.6112
12.8841
12.7737
13.0358
12.9718
12.9734
13.0161
12.9871
12.9233
12.8482
12.7893
12.6834
12.9716
12.8493
13.0976
12.9698
13.2031
13.0658
13.2832
13.1634
13.1722
13.3345
13.2102
13.1167
12.991
13.2336
13.097
13.326
13.1862
13.2318
13.1136
13.0451
12.9723
12.9093
13.2131
13.0712
13.2358
13.0965
13.3329
13.1903
13.4011
13.2468
13.4571
13.303
13.2299
13.1394
13.0425
12.9761
12.9342
13.1914
13.065
13.299
13.1514
13.3708
13.2175
13.2718
13.1296
13.0508
12.9748
12.8616
12.9084
12.822
12.8948
12.8847
13.0086
13.0524
13.0256
13.0633
13
12.9247
12.8502
12.7973
12.7035
12.7787
12.694
12.9609
12.8567
13.0823
13.0617
13.0924
13.1185
13.1847
13.1628
13.0844
13.0129
12.8934
12.9383
12.8274
13.0868
12.9703
13.2244
13.1274
13.1469
13.3162
13.3685
13.2321
13.1635
13.0683
12.9515
13.0018
12.8834
13.1499
13.0356
13.2698
13.1488
13.272
13.2866
13.2573
13.1722
13.0798
12.9976
12.8851
12.9402
12.8324
12.8847
12.7808
13.0581
12.9479
13.2404
13.2303
13.2336
13.2734
13.4929
13.3532
13.2821
13.1591
13.0585
12.9912
12.8789
12.9331
12.8304
13.0871
13.0034
13.079
13.0646
13.3038
13.1709
13.2284
13.1029
13.0233
12.9481
12.8374
13.0213
12.9024
12.9451
12.8385
13.0268
12.9124
12.977
12.9717
13.2196
13.0908
13.1598
13.0491
12.9879
12.9264
12.855
12.8055
12.721
13.0029
12.9564
13.2332
13.0984
13.1085
13.1463
13.2157
13.0938
13.0276
12.9685
12.8599
12.9045
12.8204
13.0826
12.9734
13.2551
13.1494
13.3916
13.4238
13.4071
13.4093
13.3612
13.3255
13.2304
13.144
13.0112
13.0437
12.9314
13.1832
13.1641
13.4326
13.2999
13.3026
13.322
13.5464
13.3797
13.4315
13.3061
13.2243
13.1414
13.0262
13.0758
12.963
13.1174
13.0138
13.2476
13.1254
13.3573
13.2143
13.4274
13.2753
13.3281
13.1918
13.129
13.0607
12.9545
12.9027
12.8897
12.9788
12.9246
12.987
12.9695
13.2387
13.1133
13.2931
13.1661
13.23
13.1108
13.0666
12.9957
12.8903
13.0718
12.9669
13.0305
13.0654
13.3176
13.1879
13.1449
13.0393
13.0207
12.9101
13.4113
13.2693
13.2061
13.3756
13.3753
13.4785
13.3884
13.5663
13.3997
13.4054
13.2617
13.4953
13.35
13.5452
13.3944
13.3266
13.2161
13.2755
13.2905
13.2625
13.4675
13.3903
13.2941
13.1697
13.3587
13.226
13.2646
13.1293
13.3704
13.2278
13.4488
13.3148
13.3628
13.3714
13.3208
13.2412
13.5022
13.4087
13.3073
13.2475
13.1252
13.3643
13.2398
13.4767
13.3337
13.5674
13.521
13.5255
13.6784
13.7041
13.5428
13.5882
13.4499
13.3338
13.242
13.1177
13.1503
13.0395
13.2872
13.1682
13.4294
13.2942
13.315
13.3498
13.3939
13.2636
13.1972
13.1188
13.0132
13.0656
12.9586
13.2175
13.0944
13.3373
13.3864
13.4162
13.4316
13.6491
13.4838
13.6446
13.4979
13.4141
13.3254
13.2303
13.1431
13.0332
13.0795
12.9833
13.3175
13.1912
13.4452
13.3039
13.3452
13.2723
13.4489
13.3117
13.3867
13.2635
13.1798
13.1029
13.0036
13.0599
13.0989
13.1585
13.0437
13.296
13.181
13.4214
13.2939
13.3622
13.24
13.3142
13.2073
13.109
13.049
12.9551
13.0692
12.9658
13.0451
13.0002
13.2894
13.1774
13.2451
13.1333
13.0947
13.0558
12.9816
12.928
12.8508
13.1405
13.1696
13.2326
13.3555
13.5917
13.4458
13.6061
13.4572
13.6747
13.5324
13.5674
13.4375
13.3472
13.2696
13.1625
13.0802
12.9766
13.0497
13.0967
13.36
13.2333
13.4252
13.3047
13.3697
13.2376
13.209
13.1542
13.053
13.1191
13.155
13.4319
13.2921
13.546
13.4034
13.6264
13.4923
13.7008
13.5435
13.7626
13.5916
13.5124
13.5315
13.5249
13.4309
13.3626
13.5451
13.4542
13.3576
13.2339
13.2649
13.1442
13.393
13.2691
13.4983
13.3781
13.6005
13.5882
13.5909
13.5919
13.5117
13.499
13.5733
13.4422
13.3786
13.3039
13.1854
13.2303
13.1229
13.1745
13.0816
13.0346
12.9745
13.1436
13.1385
13.2258
13.1933
13.1558
13.102
13.0102
13.0741
12.9767
13.0503
12.9567
13.0336
13.0616
13.1446
13.1134
13.3698
13.2583
13.5252
13.402
13.6402
13.4937
13.5561
13.4106
13.3374
13.2643
13.2208
13.2965
13.1791
13.3732
13.2544
13.2959
13.1854
13.4629
13.335
13.5889
13.4533
13.6993
13.5468
13.6935
13.7001
13.6491
13.7883
13.6941
13.5886
13.4943
13.402
13.2781
13.3149
13.1987
13.4506
13.3336
13.5896
13.4518
13.6059
13.6219
13.6212
13.6353
13.8567
13.6787
13.8286
13.6676
13.58
13.4918
13.3906
13.319
13.2104
13.412
13.3906
13.5438
13.4034
13.4625
13.343
13.392
13.3254
13.5687
13.4261
13.6557
13.5027
13.7271
13.5814
13.6402
13.6504
13.6069
13.6187
13.5256
13.4414
13.323
13.3581
13.2448
13.493
13.3666
13.6047
13.4664
13.6968
13.5547
13.7971
13.6445
13.7704
13.7702
13.9112
13.7524
13.7943
13.6464
13.5531
13.4575
13.3354
13.3698
13.2557
13.5046
13.5236
13.5633
13.4551
13.499
13.4303
13.6869
13.5368
13.7642
13.6163
13.7751
13.6379
13.5519
13.482
13.4134
13.4706
13.4028
13.4739
13.3468
13.3991
13.283
13.3361
13.2341
13.5108
13.3822
13.6431
13.5123
13.7555
13.6501
13.6708
13.57
13.5764
13.6226
13.8001
13.6552
13.5677
13.4801
13.3904
13.3239
13.2248
13.2669
13.1651
13.5109
13.3939
13.7388
13.6183
13.6874
13.5871
13.8029
13.6647
13.8959
13.7352
13.9375
13.7745
13.8175
13.6762
13.7829
13.7865
13.739
13.7971
13.839
13.6864
13.577
13.4823
13.3584
13.434
13.3238
13.569
13.4459
13.751
13.6239
13.6746
13.5846
13.8246
13.6816
13.8955
13.7411
13.896
13.7532
13.7956
13.6465
13.5696
13.4789
13.5078
13.7705
13.6834
13.7002
13.5653
13.592
13.4557
13.4919
13.3785
13.4127
13.3066
13.3596
13.2517
13.6148
13.5093
13.5781
13.5183
13.7545
13.6191
13.8473
13.7114
13.9285
13.7671
13.9849
13.8268
14.0368
13.8809
13.9584
13.833
13.7868
13.7438
13.6781
13.5797
13.5237
13.4391
13.3402
13.5331
13.4418
13.3638
13.2568
13.4918
13.392
13.6422
13.5289
13.5512
13.4393
13.6958
13.5613
13.8068
13.6638
13.831
13.6838
13.8453
13.7089
13.7631
13.7887
13.7357
13.7402
13.6728
13.59
13.4645
13.5098
13.3921
13.4431
13.3334
13.3796
13.2733
13.3317
13.2495
13.5747
13.4517
13.5327
13.4361
13.6804
13.5555
13.813
13.6715
13.9046
13.7531
13.9664
13.8224
13.8909
13.8813
13.8508
13.8039
13.8793
13.828
13.8806
13.7379
13.7938
13.6776
13.6072
13.5185
13.403
13.4158
13.3501
13.646
13.5239
13.7624
13.6217
13.4926
13.6673
13.5535
13.4306
13.6135
13.4988
13.7466
13.6362
13.7152
13.7064
13.9313
13.7856
13.9985
13.8289
13.8848
13.747
13.8005
13.6654
13.6084
13.5238
13.4172
13.4679
13.3632
13.6676
13.5479
13.5764
13.4683
13.5086
13.392
13.6437
13.5138
13.7771
13.6426
13.8801
13.7527
13.8102
13.7079
13.7235
13.7243
13.7196
13.6364
13.8754
13.7429
13.9122
13.7643
13.8202
13.697
13.6279
13.75
13.6645
13.9337
13.8586
13.7545
13.6229
13.658
13.5453
13.5811
13.4737
13.7201
13.5915
13.8328
13.7652
14.0089
13.8573
14.1154
13.9493
14.1515
13.9773
14.1835
14.0147
14.2209
14.0465
14.1875
14.0236
14.1853
14.1804
14.1549
14.2613
14.4331
14.2355
14.3614
14.1687
14.1823
14.0174
13.9344
13.8517
13.7667
13.6776
13.6491
13.7749
13.6713
13.7537
13.6284
13.7672
13.6445
13.6806
13.5657
13.6009
13.4737
13.724
13.6028
13.9181
13.7696
14.0255
13.883
14.0982
13.9415
14.1558
13.9961
14.1938
14.0267
14.1779
14.0061
14.0518
13.9241
13.945
13.9456
13.9102
13.9113
13.8511
14.0052
13.9092
13.8075
13.7115
13.622
13.5189
13.5656
13.461
13.6536
13.5635
13.8267
13.6946
13.7192
13.5861
13.83
13.7052
13.9451
13.7979
13.8631
13.7383
13.9184
13.8129
13.8887
13.9208
13.8817
13.8741
13.8033
13.8158
13.7501
13.624
13.7446
13.6215
13.5755
13.5039
13.4028
13.6345
13.5467
13.826
13.6994
13.7176
13.5905
13.8327
13.6935
13.9193
13.7775
14.0273
13.875
14.1019
14.0008
14.2622
14.0828
14.0516
13.9669
14.1809
14.0272
14.0693
13.9207
14.0677
13.9269
13.9814
13.8491
13.9079
13.9475
13.9163
14.0857
13.9926
13.8969
13.7903
13.7022
13.5805
13.6337
13.5212
13.5769
13.4652
13.7383
13.6979
14.0069
13.8593
13.926
13.7886
14.0196
13.876
14.0884
13.935
14.1491
13.9899
14.2047
14.0423
14.1883
14.1558
14.1034
14.2549
14.3842
14.2031
14.2216
14.0544
13.9706
13.8588
13.7595
13.6684
13.5543
13.4941
13.5431
13.6188
13.505
13.5582
13.4517
13.7453
13.6404
13.8867
13.7468
14.007
13.8613
14.0709
13.9348
14.1937
14.1036
14.3311
14.1518
14.3454
14.1673
14.3562
14.1842
14.378
14.1882
14.309
14.1651
14.1968
14.0484
14.0954
14.0836
14.0164
13.9958
13.9191
13.8207
13.7616
13.6847
13.5986
13.5323
13.4377
13.5054
13.4131
13.6869
13.6135
13.8401
13.7447
13.9936
13.8581
14.0646
13.9145
13.9298
13.7951
13.8234
13.6988
13.9593
13.9126
14.033
13.9086
14.1049
13.9509
13.9643
13.8247
14.0552
13.9075
14.1318
13.9726
14.1922
14.0362
14.2717
14.1272
14.2696
14.1034
14.304
14.1362
14.3409
14.167
14.3712
14.1955
14.3952
14.2275
14.4154
14.2947
14.3568
14.2477
14.3298
14.2884
14.4861
14.3048
14.4896
14.3077
14.4287
14.2489
14.2715
14.1016
14.1468
14.1245
14.0716
14.2667
14.1702
14.0555
13.9613
13.8635
13.7635
13.6844
13.5669
13.6302
13.5236
13.8073
13.8276
13.9822
13.8523
14.055
13.9032
13.9172
13.7959
13.8177
13.7012
13.7388
13.6264
13.9022
13.7746
14.1049
13.9528
14.1225
13.9764
13.9793
13.8489
14.082
13.9419
13.9628
13.8269
14.04
13.9128
14.1455
14.1048
14.2575
14.1043
14.344
14.1745
14.3741
14.2037
14.4015
14.232
14.4348
14.2625
14.462
14.2798
14.5104
14.3547
14.3568
14.215
14.4173
14.2383
14.4405
14.2643
14.3901
14.2194
14.2466
14.0923
14.0161
13.9282
13.9865
14.0179
13.9529
14.1233
14.0306
13.9352
13.8398
13.7597
13.6456
13.6816
13.5716
13.8172
13.704
14.0292
13.9239
14.0981
13.9925
14.1955
14.033
14.2304
14.0657
14.2792
14.1137
14.3202
14.1569
14.3549
14.3018
14.2952
14.2186
14.4204
14.249
14.4353
14.2551
14.3941
14.2223
14.4168
14.2386
14.4419
14.2644
14.488
14.3766
14.3566
14.2277
14.4477
14.2793
14.4891
14.3045
14.4996
14.3189
14.4478
14.278
14.4154
14.3076
14.5116
14.4994
14.6946
14.4931
14.6708
14.4727
14.664
14.4655
14.6456
14.4454
14.6253
14.4358
14.6988
14.4949
14.5193
14.3742
14.5565
14.3609
14.555
14.3622
14.4788
14.315
14.4508
14.2748
14.4237
14.3537
14.3677
14.3535
14.547
14.3712
14.3958
14.2235
14.2513
14.099
14.0295
13.9337
13.8455
13.7635
13.7026
13.8095
13.7652
14.0153
13.961
13.8703
13.7577
13.9501
13.8252
13.7041
13.9086
13.8282
13.7202
13.7499
13.8547
13.9217
13.8223
13.9984
13.8682
13.9028
13.7842
13.8323
13.7131
13.7611
13.6619
13.7104
13.6112
13.8604
13.7755
14.0354
13.902
13.9263
13.7989
13.8461
13.7279
13.7709
13.6683
13.7161
13.6114
13.6666
13.7633
13.9461
13.8267
14.0256
13.8901
14.0895
13.9527
13.9763
13.8548
13.887
13.7656
13.7994
13.7
13.9282
13.8019
14.008
13.8785
13.9086
13.7928
13.8305
13.72
13.7628
13.6578
13.8895
13.7771
14.0306
14.0061
14.0567
13.9176
13.9829
13.9502
14.1651
14.0222
14.0444
13.9126
14.1531
14.0091
14.0217
13.8961
14.044
13.9253
14.2166
14.0791
13.9832
13.8526
14.1037
13.9647
14.2012
14.0577
14.2721
14.1228
14.1275
14.099
14.1497
14.0057
14.1319
14.0178
14.0406
13.9053
14.1418
14.0017
14.0226
13.8872
13.9218
13.8071
14.0169
13.9095
14.1918
14.056
14.0805
13.9453
13.9762
13.8513
13.9062
13.7807
14.0427
13.9329
13.9642
13.9221
14.1548
14.0139
14.0373
13.9098
13.9345
13.8203
14.0202
13.9291
13.8467
13.7293
13.7743
13.671
13.8277
13.7749
13.9727
13.8532
13.9094
13.7964
13.8326
13.7278
13.7782
13.6851
13.7548
13.6476
13.7061
13.7269
13.859
13.7572
13.8773
13.7604
13.8071
13.7427
13.6916
13.6089
13.6789
13.5845
13.6486
13.5586
13.6779
13.6233
13.8668
13.75
13.8029
13.7029
13.9737
13.8562
14.1184
13.9744
14.2103
14.0726
14.3034
14.2343
14.2639
14.1177
14.1923
14.1177
14.3697
14.2129
14.2072
14.0719
14.3111
14.1547
14.37
14.2056
14.4924
14.3311
14.4973
14.3275
14.5239
14.3552
14.5846
14.3967
14.382
14.2158
14.2151
14.0805
14.0886
13.9631
14.1775
14.0412
14.2467
14.0995
14.2574
14.1061
14.3038
14.1543
14.1514
13.9996
14.182
14.0405
14.2375
14.0973
14.3094
14.1531
14.3244
14.1975
14.0919
13.9651
14.0088
13.8902
13.9321
13.8045
13.8402
13.8404
14.0519
13.941
14.0348
13.9079
13.9573
13.8397
13.8866
13.7783
13.83
13.724
13.7772
13.6891
13.7778
13.6948
13.9679
13.8546
14.0815
13.9595
13.8801
13.8021
13.7438
13.6425
13.7064
13.6091
13.6755
13.6128
13.9656
13.8388
14.1388
14.0143
14.0387
13.9052
14.1597
14.0227
14.2547
14.1145
14.3546
14.1973
14.4143
14.2568
14.4171
14.2816
14.1684
14.0302
14.0545
13.9315
13.9764
13.8563
13.8967
13.7856
13.8407
13.7377
13.9632
13.8663
14.1582
14.0484
13.9637
13.8515
13.9079
13.7985
13.8439
13.7369
13.794
13.7011
13.7532
13.7869
14.0228
13.9292
14.0696
13.9806
14.1484
14.02
14.0527
13.9266
13.9739
13.8533
13.8951
13.7826
13.9971
13.8705
14.1284
14.0029
14.1713
14.0271
14.0536
13.928
13.9631
13.8521
13.8885
13.7825
13.8292
13.7516
14.0697
13.9983
14.2468
14.1494
14.044
13.925
13.9594
13.8377
13.8814
13.7729
14.0457
13.9285
14.1813
14.2502
14.2641
14.1494
14.05
13.9228
14.1648
14.025
14.0555
13.9313
14.1768
14.0422
14.0732
13.9636
14.1736
14.0334
14.2275
14.0884
14.1067
13.9788
14.0129
13.8849
13.917
13.8053
13.8544
13.7555
13.8289
13.7701
13.8772
13.8379
13.8906
13.7743
13.8246
13.7272
13.9799
13.8629
13.9166
13.8059
13.862
13.7857
13.861
13.8403
14.0524
13.9289
13.9819
13.8656
13.9116
13.7982
13.8374
13.7303
13.7872
13.689
13.7948
13.776
14.0141
13.8926
13.933
13.8207
14.0909
13.9588
14.2068
14.0706
14.2988
14.1483
14.371
14.2238
14.4597
14.3755
14.5365
14.3847
14.5737
14.3925
14.5888
14.4188
14.6139
14.4335
14.6251
14.4507
14.7189
14.5356
14.5525
14.4516
14.5965
14.433
14.4262
14.266
14.2706
14.1254
14.144
14.0053
14.054
13.9322
14.0926
14.0301
14.3101
14.1672
14.1957
14.0602
14.0856
13.9646
13.9956
13.8825
13.8287
13.7277
13.7791
13.7112
13.927
13.8394
13.8805
13.7792
13.8404
13.7366
13.7928
13.7022
13.7816
13.6791
13.9459
13.8429
13.8905
13.8523
13.9373
13.8233
13.9311
13.8339
13.8808
13.7655
13.8271
13.7328
13.7858
13.7061
13.6523
13.5655
13.7324
13.6385
13.9577
13.8464
13.9024
13.7876
13.839
13.7397
13.7942
13.6963
13.7627
13.6688
13.7293
13.7797
13.9752
13.8956
14.1638
14.0551
14.2446
14.1047
14.1283
14.0074
14.0396
13.9211
13.9595
13.8414
13.9475
13.8694
14.1004
14.0565
13.9771
13.8926
13.8099
13.7316
13.6857
13.5883
13.6582
13.57
13.6234
13.684
14.0071
13.9223
14.181
14.0904
14.1174
13.9929
14.0266
13.907
13.9524
13.8445
13.8951
13.7929
14.0101
13.9026
14.2012
14.0709
14.0904
13.9659
14.0005
13.889
13.9374
13.8256
13.887
13.7815
13.8471
13.7547
13.9906
13.891
14.1967
14.0968
14.0098
13.8915
13.9365
13.8653
13.8075
13.72
13.7689
13.6774
13.7366
13.8345
14.0126
13.9313
14.1554
14.0536
13.9742
13.8611
13.9227
13.8071
13.8639
13.762
13.8222
13.7219
13.9975
13.9667
14.1947
14.1065
14.0209
13.9034
14.1004
14.0211
13.9426
13.8281
13.882
13.7781
13.8304
13.846
13.974
13.8613
13.9311
13.8228
14.0984
13.9842
14.0395
13.9195
13.9777
13.863
13.9026
13.7925
13.9992
13.9656
14.0651
13.9854
14.194
14.1007
14.0124
13.904
13.9444
13.8268
14.0358
13.9156
13.959
14.0272
14.2707
14.142
14.4471
14.2976
14.4004
14.2538
14.1546
14.0169
14.0457
13.9312
13.854
13.7496
14.0069
13.8838
14.1966
14.0934
14.012
13.895
13.9492
13.838
13.8879
13.7829
13.8435
13.7371
13.7996
13.883
14.1121
14.0293
14.2529
14.1041
14.131
14.0069
14.0396
13.915
14.1398
14.0007
14.2456
14.0949
14.4178
14.2644
14.5083
14.3456
14.3655
14.2101
14.4301
14.2771
14.2832
14.1325
14.3695
14.2249
14.4479
14.4645
14.5163
14.3422
14.3368
14.1934
14.2031
14.0743
14.2948
14.1445
14.1827
14.055
14.0916
13.9733
14.1762
14.0781
14.2915
14.1478
14.2685
14.1262
14.142
14.0233
14.0422
13.9212
13.962
13.8519
14.0859
14.0849
14.2749
14.1472
14.2266
14.0933
14.1116
13.9846
14.0116
13.8962
14.1515
14.0282
14.0597
13.9302
14.281
14.1356
14.4074
14.2664
14.2708
14.1276
14.1576
14.0212
14.0564
13.9565
13.896
13.7965
13.8584
13.9006
14.059
13.9465
14.2328
14.1115
14.2729
14.168
14.0706
13.9437
13.9793
13.8595
13.9016
13.8001
14.0209
13.951
14.1391
14.0085
14.0572
13.9362
13.9615
13.8449
13.8958
13.7882
13.8401
13.7365
13.798
13.8395
14.1109
14.0046
14.0402
13.9692
13.9001
13.7981
13.8605
13.7571
13.8241
13.728
13.677
13.5946
13.8348
13.7692
14.0859
13.9667
14.008
13.8974
13.9418
13.8266
13.8803
13.7721
13.9622
13.8941
13.837
13.9337
13.9771
13.9075
14.154
14.0234
14.0575
13.9402
13.9903
13.8712
13.9123
13.7983
13.8578
13.7584
13.9913
13.9731
13.9255
14.1385
14.0579
13.9791
13.9171
13.7996
13.8456
13.7498
13.8062
13.7119
13.8067
13.938
14.1725
14.0911
14.2569
14.1663
14.086
13.9867
13.9085
13.8021
13.8574
13.7536
13.817
13.7214
13.9084
13.8917
14.092
14.0061
13.9419
13.8332
13.8816
13.8075
13.755
13.6637
13.723
13.6348
13.7004
13.6629
14.0017
13.9287
14.1097
13.9977
14.1768
14.0509
14.0731
13.9522
14.0049
13.8927
13.943
13.838
14.171
14.081
14.1124
14.0176
13.9475
13.8501
13.8942
13.7862
13.7422
13.649
13.7265
13.6378
13.8239
13.8057
14.0704
13.9735
14.1384
14.0346
14.058
13.9212
13.9446
13.8238
13.8607
13.7459
13.7934
13.6796
